,date,confirmed,deaths,recovered,Cases Total(Ave7),Cases Day,Cases Day(Ave7),Deaths Total(Ave7),Deaths Day,Deaths Day(Ave7),Deaths Weekly(Ave7)/1M pop,Deaths /1M pop (Ave7),Td7,R0,K
0,2020-1-22,0,0,0,,,,,,,,0.0,,,
1,2020-1-23,0,0,0,,0.0,,,0.0,,,0.0,,,
2,2020-1-24,0,0,0,,0.0,,,0.0,,,0.0,,,
3,2020-1-25,0,0,0,,0.0,,,0.0,,,0.0,,,
4,2020-1-26,0,0,0,,0.0,,,0.0,,,0.0,,,
5,2020-1-27,0,0,0,,0.0,,,0.0,,,0.0,,,
6,2020-1-28,0,0,0,,0.0,,,0.0,,,0.0,,,
7,2020-1-29,0,0,0,0.0,0.0,,0.0,0.0,,0.0,0.0,,,
8,2020-1-30,0,0,0,0.0,0.0,0.0,0.0,0.0,0.0,0.0,0.0,,,
9,2020-1-31,0,0,0,0.0,0.0,0.0,0.0,0.0,0.0,0.0,0.0,,,
10,2020-2-1,0,0,0,0.0,0.0,0.0,0.0,0.0,0.0,0.0,0.0,,,
11,2020-2-2,0,0,0,0.0,0.0,0.0,0.0,0.0,0.0,0.0,0.0,,,
12,2020-2-3,0,0,0,0.0,0.0,0.0,0.0,0.0,0.0,0.0,0.0,,,
13,2020-2-4,0,0,0,0.0,0.0,0.0,0.0,0.0,0.0,0.0,0.0,,,
14,2020-2-5,0,0,0,0.0,0.0,0.0,0.0,0.0,0.0,0.0,0.0,,,
15,2020-2-6,0,0,0,0.0,0.0,0.0,0.0,0.0,0.0,0.0,0.0,,,
16,2020-2-7,0,0,0,0.0,0.0,0.0,0.0,0.0,0.0,0.0,0.0,,,
17,2020-2-8,0,0,0,0.0,0.0,0.0,0.0,0.0,0.0,0.0,0.0,,,
18,2020-2-9,0,0,0,0.0,0.0,0.0,0.0,0.0,0.0,0.0,0.0,,,
19,2020-2-10,0,0,0,0.0,0.0,0.0,0.0,0.0,0.0,0.0,0.0,,,
20,2020-2-11,0,0,0,0.0,0.0,0.0,0.0,0.0,0.0,0.0,0.0,,,
21,2020-2-12,0,0,0,0.0,0.0,0.0,0.0,0.0,0.0,0.0,0.0,,,
22,2020-2-13,0,0,0,0.0,0.0,0.0,0.0,0.0,0.0,0.0,0.0,,,
23,2020-2-14,0,0,0,0.0,0.0,0.0,0.0,0.0,0.0,0.0,0.0,,,
24,2020-2-15,0,0,0,0.0,0.0,0.0,0.0,0.0,0.0,0.0,0.0,,,
25,2020-2-16,0,0,0,0.0,0.0,0.0,0.0,0.0,0.0,0.0,0.0,,,
26,2020-2-17,0,0,0,0.0,0.0,0.0,0.0,0.0,0.0,0.0,0.0,,,
27,2020-2-18,0,0,0,0.0,0.0,0.0,0.0,0.0,0.0,0.0,0.0,,,
28,2020-2-19,0,0,0,0.0,0.0,0.0,0.0,0.0,0.0,0.0,0.0,,,
29,2020-2-20,0,0,0,0.0,0.0,0.0,0.0,0.0,0.0,0.0,0.0,,,
30,2020-2-21,0,0,0,0.0,0.0,0.0,0.0,0.0,0.0,0.0,0.0,,,
31,2020-2-22,0,0,0,0.0,0.0,0.0,0.0,0.0,0.0,0.0,0.0,,,
32,2020-2-23,0,0,0,0.0,0.0,0.0,0.0,0.0,0.0,0.0,0.0,,,
33,2020-2-24,0,0,0,0.0,0.0,0.0,0.0,0.0,0.0,0.0,0.0,,,
34,2020-2-25,0,0,0,0.0,0.0,0.0,0.0,0.0,0.0,0.0,0.0,,,
35,2020-2-26,0,0,0,0.0,0.0,0.0,0.0,0.0,0.0,0.0,0.0,,,
36,2020-2-27,0,0,0,0.0,0.0,0.0,0.0,0.0,0.0,0.0,0.0,,,
37,2020-2-28,0,0,0,0.0,0.0,0.0,0.0,0.0,0.0,0.0,0.0,,,
38,2020-2-29,0,0,0,0.0,0.0,0.0,0.0,0.0,0.0,0.0,0.0,,,
39,2020-3-1,0,0,0,0.0,0.0,0.0,0.0,0.0,0.0,0.0,0.0,,,
40,2020-3-2,0,0,0,0.0,0.0,0.0,0.0,0.0,0.0,0.0,0.0,,,
41,2020-3-3,0,0,0,0.0,0.0,0.0,0.0,0.0,0.0,0.0,0.0,,,
42,2020-3-4,0,0,0,0.0,0.0,0.0,0.0,0.0,0.0,0.0,0.0,,,
43,2020-3-5,0,0,0,0.0,0.0,0.0,0.0,0.0,0.0,0.0,0.0,,,
44,2020-3-6,0,0,0,0.0,0.0,0.0,0.0,0.0,0.0,0.0,0.0,,,
45,2020-3-7,0,0,0,0.0,0.0,0.0,0.0,0.0,0.0,0.0,0.0,,,
46,2020-3-8,0,0,0,0.0,0.0,0.0,0.0,0.0,0.0,0.0,0.0,,,
47,2020-3-9,0,0,0,0.0,0.0,0.0,0.0,0.0,0.0,0.0,0.0,,,
48,2020-3-10,0,0,0,0.0,0.0,0.0,0.0,0.0,0.0,0.0,0.0,,,
49,2020-3-11,0,0,0,0.0,0.0,0.0,0.0,0.0,0.0,0.0,0.0,,,
50,2020-3-12,0,0,0,0.0,0.0,0.0,0.0,0.0,0.0,0.0,0.0,,,
51,2020-3-13,0,0,0,0.0,0.0,0.0,0.0,0.0,0.0,0.0,0.0,,,
52,2020-3-14,0,0,0,0.0,0.0,0.0,0.0,0.0,0.0,0.0,0.0,,,
53,2020-3-15,0,0,0,0.0,0.0,0.0,0.0,0.0,0.0,0.0,0.0,,,
54,2020-3-16,0,0,0,0.0,0.0,0.0,0.0,0.0,0.0,0.0,0.0,,,
55,2020-3-17,0,0,0,0.0,0.0,0.0,0.0,0.0,0.0,0.0,0.0,,,
56,2020-3-18,0,0,0,0.0,0.0,0.0,0.0,0.0,0.0,0.0,0.0,,,
57,2020-3-19,0,0,0,0.0,0.0,0.0,0.0,0.0,0.0,0.0,0.0,,,
58,2020-3-20,0,0,0,0.0,0.0,0.0,0.0,0.0,0.0,0.0,0.0,,,
59,2020-3-21,0,0,0,0.0,0.0,0.0,0.0,0.0,0.0,0.0,0.0,,,
60,2020-3-22,1,0,0,0.0,1.0,0.0,0.0,0.0,0.0,0.0,0.0,,,
61,2020-3-23,1,0,0,0.14285714285714285,0.0,0.14285714285714285,0.0,0.0,0.0,0.0,0.0,,,
62,2020-3-24,3,0,0,0.2857142857142857,2.0,0.14285714285714285,0.0,0.0,0.0,0.0,0.0,,,
63,2020-3-25,5,0,0,0.7142857142857142,2.0,0.42857142857142855,0.0,0.0,0.0,0.0,0.0,,,
64,2020-3-26,7,0,0,1.4285714285714284,2.0,0.7142857142857142,0.0,0.0,0.0,0.0,0.0,,,
65,2020-3-27,7,0,0,2.4285714285714284,0.0,0.9999999999999999,0.0,0.0,0.0,0.0,0.0,,,
66,2020-3-28,8,0,0,3.4285714285714284,1.0,0.9999999999999999,0.0,0.0,0.0,0.0,0.0,,,
67,2020-3-29,8,0,0,4.571428571428571,0.0,1.1428571428571428,0.0,0.0,0.0,0.0,0.0,,,
68,2020-3-30,8,0,0,5.571428571428571,0.0,1.0,0.0,0.0,0.0,0.0,0.0,1.4,32.0,0.96875
69,2020-3-31,8,0,0,6.571428571428571,0.0,1.0,0.0,0.0,0.0,0.0,0.0,1.6334522741388002,19.500000000000004,0.9487179487179487
70,2020-4-1,10,0,0,7.285714285714285,2.0,0.7142857142857142,0.0,0.0,0.0,0.0,0.0,2.1863836726922594,9.2,0.8913043478260869
71,2020-4-2,10,0,0,8.0,0.0,0.7142857142857142,0.0,0.0,0.0,0.0,0.0,2.978093256090269,5.1000000000000005,0.803921568627451
72,2020-4-3,10,0,0,8.428571428571429,0.0,0.42857142857142855,0.0,0.0,0.0,0.0,0.0,4.070022810218658,3.2941176470588247,0.6964285714285714
73,2020-4-4,10,0,1,8.857142857142858,0.0,0.42857142857142855,0.0,0.0,0.0,0.0,0.0,5.39423975132591,2.4583333333333335,0.5932203389830508
74,2020-4-5,10,0,1,9.142857142857142,0.0,0.2857142857142857,0.0,0.0,0.0,0.0,0.0,7.336016628655664,1.9375000000000004,0.4838709677419355
75,2020-4-6,10,0,1,9.428571428571429,0.0,0.2857142857142857,0.0,0.0,0.0,0.0,0.0,9.79572031255807,1.641025641025641,0.390625
76,2020-4-7,10,0,1,9.714285714285714,0.0,0.2857142857142857,0.0,0.0,0.0,0.0,0.0,13.440030192506807,1.4347826086956523,0.3030303030303031
77,2020-4-8,17,0,1,10.0,7.0,0.2857142857142857,0.0,0.0,0.0,0.0,0.0,16.865945877572457,1.3333333333333335,0.25
78,2020-4-9,17,0,1,11.0,0.0,1.0,0.0,0.0,0.0,0.0,0.0,21.743986036537727,1.25,0.19999999999999996
79,2020-4-10,20,0,2,12.0,3.0,1.0,0.0,0.0,0.0,0.0,0.0,18.22235742094316,1.3050847457627117,0.23376623376623373
80,2020-4-11,20,0,2,13.428571428571427,0.0,1.4285714285714286,0.0,0.0,0.0,0.0,0.0,15.977317234917292,1.3548387096774193,0.26190476190476186
81,2020-4-12,21,0,2,14.857142857142858,1.0,1.4285714285714286,0.0,0.0,0.0,0.0,0.0,12.621963061148673,1.46875,0.31914893617021267
82,2020-4-13,21,0,2,16.428571428571427,0.0,1.5714285714285714,0.0,0.0,0.0,0.0,0.0,10.66999003268863,1.5757575757575757,0.3653846153846154
83,2020-4-14,28,0,2,18.0,7.0,1.5714285714285714,0.0,0.0,0.0,0.0,0.0,9.234497008129068,1.6911764705882355,0.408695652173913
84,2020-4-15,29,0,2,20.57142857142857,1.0,2.571428571428571,0.0,0.0,0.0,0.0,0.0,8.25474709387563,1.8000000000000003,0.4444444444444444
85,2020-4-16,31,0,2,22.285714285714285,2.0,1.7142857142857142,0.0,0.0,0.0,0.0,0.0,7.750749529819609,1.8701298701298699,0.4652777777777777
86,2020-4-17,34,0,2,24.28571428571428,3.0,2.0,0.0,0.0,0.0,0.0,0.0,7.838001532102693,1.857142857142857,0.46153846153846156
87,2020-4-18,35,0,4,26.285714285714285,1.0,1.9999999999999998,0.0,0.0,0.0,0.0,0.0,8.189030100952023,1.8085106382978722,0.44705882352941173
88,2020-4-19,39,0,8,28.428571428571427,4.0,2.142857142857143,0.0,0.0,0.0,0.0,0.0,8.5042046947042,1.7692307692307692,0.4347826086956521
89,2020-4-20,39,0,8,31.0,0.0,2.571428571428571,0.0,0.0,0.0,0.0,0.0,8.848052239135054,1.7304347826086957,0.42211055276381915
90,2020-4-21,39,0,8,33.57142857142857,0.0,2.571428571428571,0.0,0.0,0.0,0.0,0.0,8.925482699883903,1.722222222222222,0.4193548387096774
91,2020-4-22,41,0,8,35.14285714285714,2.0,1.5714285714285714,0.0,0.0,0.0,0.0,0.0,9.906707893173863,1.6319444444444444,0.3872340425531915
92,2020-4-23,46,0,9,36.85714285714285,5.0,1.714285714285714,0.0,0.0,0.0,0.0,0.0,10.652669481390229,1.5769230769230769,0.36585365853658536
93,2020-4-24,65,0,12,38.99999999999999,19.0,2.1428571428571423,0.0,0.0,0.0,0.0,0.0,11.631069404900307,1.5176470588235293,0.3410852713178294
94,2020-4-25,70,0,12,43.42857142857143,5.0,4.428571428571428,0.0,0.0,0.0,0.0,0.0,12.298066087271645,1.4836956521739129,0.32600732600732596
95,2020-4-26,76,0,12,48.42857142857143,6.0,4.999999999999999,0.0,0.0,0.0,0.0,0.0,11.450951862493179,1.527638190954774,0.3453947368421053
96,2020-4-27,76,0,12,53.71428571428571,0.0,5.285714285714285,0.0,0.0,0.0,0.0,0.0,10.876485792015433,1.5622119815668203,0.3598820058997051
97,2020-4-28,76,0,12,58.99999999999999,0.0,5.285714285714285,0.0,0.0,0.0,0.0,0.0,10.323388931498641,1.5999999999999999,0.375
98,2020-4-29,76,0,12,64.28571428571428,0.0,5.285714285714285,0.0,0.0,0.0,0.0,0.0,9.364755633603398,1.6788617886178863,0.4043583535108959
99,2020-4-30,76,0,12,69.28571428571428,0.0,4.999999999999999,0.0,0.0,0.0,0.0,0.0,8.722155219482538,1.7441860465116281,0.42666666666666675
100,2020-5-1,79,0,12,73.57142857142856,3.0,4.285714285714285,0.0,0.0,0.0,0.0,0.0,8.443054890792226,1.7765567765567767,0.43711340206185567
101,2020-5-2,79,0,18,75.57142857142856,0.0,1.9999999999999998,0.0,0.0,0.0,0.0,0.0,9.204457325036339,1.6940789473684206,0.40970873786407747
102,2020-5-3,80,0,19,76.85714285714283,1.0,1.2857142857142856,0.0,0.0,0.0,0.0,0.0,10.903724877754959,1.5604719764011796,0.3591682419659734
103,2020-5-4,80,0,19,77.42857142857143,0.0,0.5714285714285714,0.0,0.0,0.0,0.0,0.0,13.54296525681093,1.4308510638297869,0.3011152416356876
104,2020-5-5,81,0,19,78.0,1.0,0.5714285714285714,0.0,0.0,0.0,0.0,0.0,17.850263678154715,1.3123486682808718,0.23800738007380084
105,2020-5-6,81,0,21,78.71428571428571,0.0,0.7142857142857142,0.0,0.0,0.0,0.0,0.0,25.091768689942196,1.2133333333333336,0.17582417582417598
106,2020-5-7,81,0,24,79.42857142857142,0.0,0.7142857142857142,0.0,0.0,0.0,0.0,0.0,38.02951243982013,1.136082474226804,0.11978221415607992
107,2020-5-8,82,0,27,80.14285714285714,1.0,0.7142857142857142,0.0,0.0,0.0,0.0,0.0,63.3412792734464,1.079611650485437,0.0737410071942447
108,2020-5-9,87,0,34,80.57142857142856,5.0,0.42857142857142855,0.0,0.0,0.0,0.0,0.0,82.6123941525872,1.060491493383743,0.057040998217469
109,2020-5-10,91,0,34,81.71428571428571,4.0,1.1428571428571428,0.0,0.0,0.0,0.0,0.0,102.8066360835434,1.0483271375464684,0.046099290780141966
110,2020-5-11,103,0,34,83.28571428571428,12.0,1.5714285714285712,0.0,0.0,0.0,0.0,0.0,90.06424683890418,1.055350553505535,0.05244755244755239
111,2020-5-12,104,0,34,86.57142857142857,1.0,3.2857142857142856,0.0,0.0,0.0,0.0,0.0,73.99973583397069,1.0677655677655677,0.0634648370497426
112,2020-5-13,104,0,34,89.85714285714285,0.0,3.285714285714285,0.0,0.0,0.0,0.0,0.0,50.99607169980767,1.0998185117967332,0.0907590759075908
113,2020-5-14,115,0,35,93.14285714285714,11.0,3.285714285714285,0.0,0.0,0.0,0.0,0.0,39.331337117425015,1.131294964028777,0.11605723370429255
114,2020-5-15,119,0,42,98.0,4.0,4.857142857142857,0.0,0.0,0.0,0.0,0.0,32.277223558752596,1.1622103386809268,0.13957055214723924
115,2020-5-16,129,0,43,103.28571428571428,10.0,5.285714285714286,0.0,0.0,0.0,0.0,0.0,24.777584563114804,1.216312056737589,0.17784256559766776
116,2020-5-17,137,0,44,109.28571428571428,8.0,6.0,0.0,0.0,0.0,0.0,0.0,20.711254041054374,1.263986013986014,0.2088520055325035
117,2020-5-18,145,0,44,115.85714285714285,8.0,6.571428571428571,0.0,0.0,0.0,0.0,0.0,17.858789128638325,1.3121783876500859,0.2379084967320262
118,2020-5-19,146,0,44,121.85714285714285,1.0,6.0,0.0,0.0,0.0,0.0,0.0,16.65143770798471,1.3382838283828382,0.2527743526510481
119,2020-5-20,156,0,48,127.85714285714285,10.0,5.999999999999999,0.0,0.0,0.0,0.0,0.0,15.927707342338426,1.356120826709062,0.26260257913247365
120,2020-5-21,162,0,48,135.28571428571428,6.0,7.428571428571427,0.0,0.0,0.0,0.0,0.0,15.316759852047477,1.3726993865030674,0.27150837988826815
121,2020-5-22,164,0,48,142.0,2.0,6.714285714285713,0.0,0.0,0.0,0.0,0.0,15.048719715339987,1.380466472303207,0.2756071805702217
122,2020-5-23,168,0,48,148.42857142857142,4.0,6.428571428571427,0.0,0.0,0.0,0.0,0.0,15.242235996229251,1.3748271092669433,0.2726358148893361
123,2020-5-24,194,0,51,153.99999999999997,26.0,5.57142857142857,0.0,0.0,0.0,0.0,0.0,15.849152249249629,1.358169934640523,0.2637151106833494
124,2020-5-25,209,1,71,162.14285714285717,15.0,8.142857142857142,0.0,1.0,0.0,0.0,0.032046901280962714,17.04891310006498,1.3292231812577064,0.24768089053803333
125,2020-5-26,213,1,71,171.28571428571428,4.0,9.142857142857142,0.14285714285714285,0.0,0.14285714285714285,0.032046901280962714,0.032046901280962714,16.98721332504003,1.3305978898007038,0.2484581497797359
126,2020-5-27,227,1,71,180.85714285714283,14.0,9.57142857142857,0.2857142857142857,0.0,0.14285714285714285,0.032046901280962714,0.032046901280962714,16.592707782361522,1.3396648044692738,0.2535446205170976
127,2020-5-28,233,2,82,190.99999999999997,6.0,10.142857142857142,0.42857142857142855,1.0,0.14285714285714285,0.032046901280962714,0.06409380256192543,16.712783046366752,1.3368532206969377,0.25197472353870454
128,2020-5-29,234,2,84,201.1428571428571,1.0,10.142857142857142,0.7142857142857142,0.0,0.2857142857142857,0.06409380256192543,0.06409380256192543,16.3673120930107,1.345070422535211,0.25654450261780093
129,2020-5-30,244,2,90,211.1428571428571,10.0,10.0,0.9999999999999999,0.0,0.2857142857142857,0.06409380256192543,0.06409380256192543,15.965271256940705,1.3551491819056785,0.26207386363636354
130,2020-5-31,254,2,91,221.99999999999997,10.0,10.857142857142856,1.2857142857142856,0.0,0.2857142857142857,0.06409380256192543,0.06409380256192543,15.374846734352701,1.3710575139146568,0.27063599458728016
131,2020-6-1,254,2,97,230.57142857142853,0.0,8.571428571428571,1.5714285714285712,0.0,0.2857142857142857,0.032046901280962714,0.06409380256192543,15.442509310293254,1.3691629955947133,0.26962676962676946
132,2020-6-2,307,2,98,236.99999999999997,53.0,6.428571428571429,1.714285714285714,0.0,0.14285714285714285,0.032046901280962714,0.06409380256192543,16.32428728914348,1.3461217681401165,0.25712515489467147
133,2020-6-3,316,2,109,250.42857142857142,9.0,13.428571428571429,1.8571428571428568,0.0,0.14285714285714285,0.032046901280962714,0.06409380256192543,17.947039139994043,1.3104265402843602,0.2368896925858951
134,2020-6-4,352,2,114,263.1428571428571,36.0,12.714285714285712,1.9999999999999996,0.0,0.14285714285714285,0.0,0.06409380256192543,17.910759507723572,1.31114435302917,0.23730747290359389
135,2020-6-5,354,2,119,280.1428571428571,2.0,17.0,1.9999999999999996,0.0,0.0,0.0,0.06409380256192543,18.05865685432349,1.3082386363636365,0.23561346362649294
136,2020-6-6,409,2,126,297.2857142857143,55.0,17.14285714285714,1.9999999999999996,0.0,0.0,0.0,0.06409380256192543,17.159248804000864,1.3267929634641409,0.24630290668026522
137,2020-6-7,424,2,127,320.85714285714283,15.0,23.57142857142857,1.9999999999999996,0.0,0.0,0.0,0.06409380256192543,16.61561474223912,1.3391248391248392,0.25324363286881313
138,2020-6-8,433,2,131,345.1428571428571,9.0,24.285714285714285,1.9999999999999996,0.0,0.0,0.0,0.06409380256192543,14.683753408346226,1.3915737298636928,0.2813891362422084
139,2020-6-9,453,2,136,370.71428571428567,20.0,25.57142857142857,1.9999999999999996,0.0,0.0,0.0,0.06409380256192543,12.907828170051271,1.4562989752863171,0.3133278145695364
140,2020-6-10,472,2,138,391.57142857142856,19.0,20.857142857142854,1.9999999999999996,0.0,0.0,0.0,0.06409380256192543,12.369489898938609,1.4803194523673702,0.32447013487475906
141,2020-6-11,489,2,144,413.85714285714283,17.0,22.285714285714285,1.9999999999999996,0.0,0.0,0.0,0.06409380256192543,12.207259737305598,1.4880564603691642,0.32798248814301356
142,2020-6-12,509,2,145,433.4285714285714,20.0,19.57142857142857,1.9999999999999996,0.0,0.0,0.0,0.06409380256192543,12.434051808006215,1.477307496175421,0.32309285467725235
143,2020-6-13,553,2,151,455.57142857142856,44.0,22.142857142857142,1.9999999999999996,0.0,0.0,0.0,0.06409380256192543,12.868968954779701,1.4579529072561268,0.3141067897165458
