,date,confirmed,deaths,recovered,Cases Total(Ave7),Cases Day,Cases Day(Ave7),Deaths Total(Ave7),Deaths Day,Deaths Day(Ave7),Deaths Weekly(Ave7)/1M pop,Deaths /1M pop (Ave7),Td7,R0,K
0,2020-1-22,0,0,0,,,,,,,,0.0,,,
1,2020-1-23,0,0,0,,0.0,,,0.0,,,0.0,,,
2,2020-1-24,0,0,0,,0.0,,,0.0,,,0.0,,,
3,2020-1-25,0,0,0,,0.0,,,0.0,,,0.0,,,
4,2020-1-26,0,0,0,,0.0,,,0.0,,,0.0,,,
5,2020-1-27,0,0,0,,0.0,,,0.0,,,0.0,,,
6,2020-1-28,0,0,0,,0.0,,,0.0,,,0.0,,,
7,2020-1-29,0,0,0,0.0,0.0,,0.0,0.0,,0.0,0.0,,,
8,2020-1-30,0,0,0,0.0,0.0,0.0,0.0,0.0,0.0,0.0,0.0,,,
9,2020-1-31,0,0,0,0.0,0.0,0.0,0.0,0.0,0.0,0.0,0.0,,,
10,2020-2-1,0,0,0,0.0,0.0,0.0,0.0,0.0,0.0,0.0,0.0,,,
11,2020-2-2,0,0,0,0.0,0.0,0.0,0.0,0.0,0.0,0.0,0.0,,,
12,2020-2-3,0,0,0,0.0,0.0,0.0,0.0,0.0,0.0,0.0,0.0,,,
13,2020-2-4,0,0,0,0.0,0.0,0.0,0.0,0.0,0.0,0.0,0.0,,,
14,2020-2-5,0,0,0,0.0,0.0,0.0,0.0,0.0,0.0,0.0,0.0,,,
15,2020-2-6,0,0,0,0.0,0.0,0.0,0.0,0.0,0.0,0.0,0.0,,,
16,2020-2-7,0,0,0,0.0,0.0,0.0,0.0,0.0,0.0,0.0,0.0,,,
17,2020-2-8,0,0,0,0.0,0.0,0.0,0.0,0.0,0.0,0.0,0.0,,,
18,2020-2-9,0,0,0,0.0,0.0,0.0,0.0,0.0,0.0,0.0,0.0,,,
19,2020-2-10,0,0,0,0.0,0.0,0.0,0.0,0.0,0.0,0.0,0.0,,,
20,2020-2-11,0,0,0,0.0,0.0,0.0,0.0,0.0,0.0,0.0,0.0,,,
21,2020-2-12,0,0,0,0.0,0.0,0.0,0.0,0.0,0.0,0.0,0.0,,,
22,2020-2-13,0,0,0,0.0,0.0,0.0,0.0,0.0,0.0,0.0,0.0,,,
23,2020-2-14,0,0,0,0.0,0.0,0.0,0.0,0.0,0.0,0.0,0.0,,,
24,2020-2-15,0,0,0,0.0,0.0,0.0,0.0,0.0,0.0,0.0,0.0,,,
25,2020-2-16,0,0,0,0.0,0.0,0.0,0.0,0.0,0.0,0.0,0.0,,,
26,2020-2-17,0,0,0,0.0,0.0,0.0,0.0,0.0,0.0,0.0,0.0,,,
27,2020-2-18,0,0,0,0.0,0.0,0.0,0.0,0.0,0.0,0.0,0.0,,,
28,2020-2-19,0,0,0,0.0,0.0,0.0,0.0,0.0,0.0,0.0,0.0,,,
29,2020-2-20,0,0,0,0.0,0.0,0.0,0.0,0.0,0.0,0.0,0.0,,,
30,2020-2-21,0,0,0,0.0,0.0,0.0,0.0,0.0,0.0,0.0,0.0,,,
31,2020-2-22,0,0,0,0.0,0.0,0.0,0.0,0.0,0.0,0.0,0.0,,,
32,2020-2-23,0,0,0,0.0,0.0,0.0,0.0,0.0,0.0,0.0,0.0,,,
33,2020-2-24,0,0,0,0.0,0.0,0.0,0.0,0.0,0.0,0.0,0.0,,,
34,2020-2-25,0,0,0,0.0,0.0,0.0,0.0,0.0,0.0,0.0,0.0,,,
35,2020-2-26,0,0,0,0.0,0.0,0.0,0.0,0.0,0.0,0.0,0.0,,,
36,2020-2-27,0,0,0,0.0,0.0,0.0,0.0,0.0,0.0,0.0,0.0,,,
37,2020-2-28,0,0,0,0.0,0.0,0.0,0.0,0.0,0.0,0.0,0.0,,,
38,2020-2-29,0,0,0,0.0,0.0,0.0,0.0,0.0,0.0,0.0,0.0,,,
39,2020-3-1,0,0,0,0.0,0.0,0.0,0.0,0.0,0.0,0.0,0.0,,,
40,2020-3-2,0,0,0,0.0,0.0,0.0,0.0,0.0,0.0,0.0,0.0,,,
41,2020-3-3,0,0,0,0.0,0.0,0.0,0.0,0.0,0.0,0.0,0.0,,,
42,2020-3-4,0,0,0,0.0,0.0,0.0,0.0,0.0,0.0,0.0,0.0,,,
43,2020-3-5,0,0,0,0.0,0.0,0.0,0.0,0.0,0.0,0.0,0.0,,,
44,2020-3-6,0,0,0,0.0,0.0,0.0,0.0,0.0,0.0,0.0,0.0,,,
45,2020-3-7,0,0,0,0.0,0.0,0.0,0.0,0.0,0.0,0.0,0.0,,,
46,2020-3-8,0,0,0,0.0,0.0,0.0,0.0,0.0,0.0,0.0,0.0,,,
47,2020-3-9,0,0,0,0.0,0.0,0.0,0.0,0.0,0.0,0.0,0.0,,,
48,2020-3-10,0,0,0,0.0,0.0,0.0,0.0,0.0,0.0,0.0,0.0,,,
49,2020-3-11,0,0,0,0.0,0.0,0.0,0.0,0.0,0.0,0.0,0.0,,,
50,2020-3-12,0,0,0,0.0,0.0,0.0,0.0,0.0,0.0,0.0,0.0,,,
51,2020-3-13,0,0,0,0.0,0.0,0.0,0.0,0.0,0.0,0.0,0.0,,,
52,2020-3-14,0,0,0,0.0,0.0,0.0,0.0,0.0,0.0,0.0,0.0,,,
53,2020-3-15,0,0,0,0.0,0.0,0.0,0.0,0.0,0.0,0.0,0.0,,,
54,2020-3-16,0,0,0,0.0,0.0,0.0,0.0,0.0,0.0,0.0,0.0,,,
55,2020-3-17,0,0,0,0.0,0.0,0.0,0.0,0.0,0.0,0.0,0.0,,,
56,2020-3-18,0,0,0,0.0,0.0,0.0,0.0,0.0,0.0,0.0,0.0,,,
57,2020-3-19,0,0,0,0.0,0.0,0.0,0.0,0.0,0.0,0.0,0.0,,,
58,2020-3-20,0,0,0,0.0,0.0,0.0,0.0,0.0,0.0,0.0,0.0,,,
59,2020-3-21,1,0,0,0.0,1.0,0.0,0.0,0.0,0.0,0.0,0.0,,,
60,2020-3-22,1,0,0,0.14285714285714285,0.0,0.14285714285714285,0.0,0.0,0.0,0.0,0.0,,,
61,2020-3-23,9,0,0,0.2857142857142857,8.0,0.14285714285714285,0.0,0.0,0.0,0.0,0.0,,,
62,2020-3-24,9,0,0,1.5714285714285712,0.0,1.2857142857142856,0.0,0.0,0.0,0.0,0.0,,,
63,2020-3-25,14,0,0,2.8571428571428568,5.0,1.2857142857142856,0.0,0.0,0.0,0.0,0.0,,,
64,2020-3-26,14,0,0,4.857142857142857,0.0,1.9999999999999998,0.0,0.0,0.0,0.0,0.0,,,
65,2020-3-27,23,0,0,6.857142857142857,9.0,1.9999999999999998,0.0,0.0,0.0,0.0,0.0,,,
66,2020-3-28,30,0,0,10.142857142857142,7.0,3.2857142857142856,0.0,0.0,0.0,0.0,0.0,,,
67,2020-3-29,33,0,0,14.285714285714285,3.0,4.142857142857142,0.0,0.0,0.0,0.0,0.0,1.1382581859014391,71.0,0.9859154929577465
68,2020-3-30,33,0,0,18.857142857142858,0.0,4.571428571428571,0.0,0.0,0.0,0.0,0.0,1.2402867409489053,49.99999999999997,0.98
69,2020-3-31,44,0,0,22.28571428571429,11.0,3.4285714285714284,0.0,0.0,0.0,0.0,0.0,1.9526006195579089,12.0,0.9166666666666667
70,2020-4-1,44,0,0,27.285714285714285,0.0,5.0,0.0,0.0,0.0,0.0,0.0,2.3620924992626393,7.800000000000002,0.8717948717948718
71,2020-4-2,45,0,0,31.57142857142857,1.0,4.285714285714286,0.0,0.0,0.0,0.0,0.0,2.811283381841342,5.617647058823528,0.8219895287958116
72,2020-4-3,48,0,0,36.0,3.0,4.428571428571429,0.0,0.0,0.0,0.0,0.0,3.177571705798157,4.604166666666667,0.7828054298642534
73,2020-4-4,48,0,0,39.57142857142857,0.0,3.571428571428571,0.0,0.0,0.0,0.0,0.0,3.8303006023733475,3.5492957746478875,0.7182539682539683
74,2020-4-5,52,0,0,42.14285714285714,4.0,2.571428571428571,0.0,0.0,0.0,0.0,0.0,4.762274157987427,2.77,0.6389891696750902
75,2020-4-6,52,0,0,44.857142857142854,0.0,2.7142857142857144,0.0,0.0,0.0,0.0,0.0,6.033561990817019,2.2348484848484844,0.5525423728813559
76,2020-4-7,52,0,0,47.57142857142858,0.0,2.7142857142857144,0.0,0.0,0.0,0.0,0.0,6.936059725138251,2.0128205128205123,0.5031847133757961
77,2020-4-8,53,0,0,48.714285714285715,1.0,1.1428571428571428,0.0,0.0,0.0,0.0,0.0,8.728728753206516,1.7434554973821992,0.4264264264264265
78,2020-4-9,53,0,0,50.0,0.0,1.2857142857142856,0.0,0.0,0.0,0.0,0.0,11.187016444783966,1.5429864253393666,0.3519061583577713
79,2020-4-10,53,0,0,51.14285714285714,0.0,1.1428571428571428,0.0,0.0,0.0,0.0,0.0,14.770076695375119,1.3888888888888888,0.28
80,2020-4-11,53,0,4,51.85714285714285,0.0,0.7142857142857142,0.0,0.0,0.0,0.0,0.0,18.915155763246126,1.2924187725631768,0.22625698324022347
81,2020-4-12,54,0,4,52.57142857142856,1.0,0.7142857142857142,0.0,0.0,0.0,0.0,0.0,23.391453786432546,1.230508474576271,0.18732782369145995
82,2020-4-13,54,0,7,52.857142857142854,0.0,0.2857142857142857,0.0,0.0,0.0,0.0,0.0,30.57553546899593,1.1719745222929936,0.14673913043478248
83,2020-4-14,55,0,8,53.14285714285714,1.0,0.2857142857142857,0.0,0.0,0.0,0.0,0.0,46.051694352724155,1.111111111111111,0.09999999999999987
84,2020-4-15,55,0,12,53.57142857142857,0.0,0.42857142857142855,0.0,0.0,0.0,0.0,0.0,55.76317065408467,1.0909090909090908,0.08333333333333326
85,2020-4-16,55,0,20,53.857142857142854,0.0,0.2857142857142857,0.0,0.0,0.0,0.0,0.0,70.32654474799297,1.0714285714285714,0.06666666666666665
86,2020-4-17,56,0,20,54.14285714285713,1.0,0.2857142857142857,0.0,0.0,0.0,0.0,0.0,93.82757193956199,1.053072625698324,0.050397877984084904
87,2020-4-18,55,0,22,54.57142857142857,-1.0,0.42857142857142855,0.0,0.0,0.0,0.0,0.0,112.4890119170227,1.044077134986226,0.04221635883905017
88,2020-4-19,55,0,28,54.857142857142854,0.0,0.2857142857142857,0.0,0.0,0.0,0.0,0.0,129.94999974684384,1.0380434782608696,0.03664921465968596
89,2020-4-20,56,0,38,54.99999999999999,1.0,0.14285714285714285,0.0,0.0,0.0,0.0,0.0,130.64322703027975,1.037837837837838,0.03645833333333337
90,2020-4-21,61,0,38,55.28571428571428,5.0,0.2857142857142857,0.0,0.0,0.0,0.0,0.0,141.2548388462352,1.0349462365591398,0.033766233766233666
91,2020-4-22,63,0,45,56.142857142857146,2.0,0.857142857142857,0.0,0.0,0.0,0.0,0.0,154.03922504956114,1.0319999999999998,0.03100775193798444
92,2020-4-23,74,0,46,57.285714285714285,11.0,1.1428571428571428,0.0,0.0,0.0,0.0,0.0,116.73517272234685,1.0424403183023874,0.040712468193384366
93,2020-4-24,75,0,46,60.0,1.0,2.7142857142857144,0.0,0.0,0.0,0.0,0.0,85.99045023953049,1.058047493403694,0.054862842892768215
94,2020-4-25,75,0,46,62.714285714285715,0.0,2.714285714285714,0.0,0.0,0.0,0.0,0.0,51.16334870337318,1.0994764397905759,0.09047619047619049
95,2020-4-26,79,0,46,65.57142857142857,4.0,2.857142857142857,0.0,0.0,0.0,0.0,0.0,36.247901274919904,1.1432291666666667,0.12528473804100237
96,2020-4-27,79,0,47,69.0,0.0,3.428571428571429,0.0,0.0,0.0,0.0,0.0,27.59863766756827,1.1922077922077923,0.1612200435729848
97,2020-4-28,79,0,52,72.28571428571428,0.0,3.2857142857142856,0.0,0.0,0.0,0.0,0.0,21.89623779799067,1.2480620155038762,0.19875776397515543
98,2020-4-29,81,0,52,74.85714285714286,2.0,2.571428571428571,0.0,0.0,0.0,0.0,0.0,19.198697256584765,1.287531806615776,0.22332015810276662
99,2020-4-30,83,0,52,77.42857142857143,2.0,2.571428571428571,0.0,0.0,0.0,0.0,0.0,18.136379481208092,1.3067331670822944,0.234732824427481
100,2020-5-1,85,0,52,78.71428571428571,2.0,1.2857142857142856,0.0,0.0,0.0,0.0,0.0,19.026727251302745,1.2904761904761906,0.22509225092250928
101,2020-5-2,88,0,52,80.14285714285714,3.0,1.4285714285714284,0.0,0.0,0.0,0.0,0.0,21.3524404545655,1.255125284738041,0.20326678765880213
102,2020-5-3,89,0,52,81.99999999999999,1.0,1.857142857142857,0.0,0.0,0.0,0.0,0.0,24.179067365791678,1.222222222222222,0.18181818181818177
103,2020-5-4,97,0,55,83.42857142857142,8.0,1.4285714285714284,0.0,0.0,0.0,0.0,0.0,28.109339953425163,1.188405797101449,0.15853658536585347
104,2020-5-5,98,0,55,85.99999999999999,1.0,2.571428571428571,0.0,0.0,0.0,0.0,0.0,33.84405884620709,1.1541501976284585,0.13356164383561642
105,2020-5-6,100,0,55,88.71428571428571,2.0,2.714285714285714,0.0,0.0,0.0,0.0,0.0,34.96561564885553,1.1488549618320607,0.1295681063122922
106,2020-5-7,101,0,55,91.42857142857142,1.0,2.714285714285714,0.0,0.0,0.0,0.0,0.0,35.65962880637511,1.1457564575645756,0.12721417069243146
107,2020-5-8,101,0,55,93.99999999999999,0.0,2.571428571428571,0.0,0.0,0.0,0.0,0.0,32.404469054734506,1.1615245009074409,0.13906249999999998
108,2020-5-9,116,0,55,96.28571428571428,15.0,2.2857142857142856,0.0,0.0,0.0,0.0,0.0,30.42329938375485,1.1729055258467023,0.14741641337386013
109,2020-5-10,121,0,55,100.28571428571428,5.0,3.9999999999999996,0.0,0.0,0.0,0.0,0.0,30.21176011715537,1.1742160278745646,0.14836795252225532
110,2020-5-11,121,0,55,104.85714285714286,0.0,4.571428571428571,0.0,0.0,0.0,0.0,0.0,26.365084110425823,1.202054794520548,0.1680911680911682
111,2020-5-12,129,0,55,108.28571428571428,8.0,3.428571428571429,0.0,0.0,0.0,0.0,0.0,24.474105997115846,1.2192691029900335,0.1798365122615806
112,2020-5-13,139,0,55,112.71428571428571,10.0,4.428571428571429,0.0,0.0,0.0,0.0,0.0,24.338972631110714,1.2206119162640903,0.18073878627968332
113,2020-5-14,160,0,63,118.28571428571429,21.0,5.571428571428571,0.0,0.0,0.0,0.0,0.0,23.182385470700822,1.2328125,0.18884664131812423
114,2020-5-15,203,0,63,126.7142857142857,43.0,8.428571428571427,0.0,0.0,0.0,0.0,0.0,21.113388369284,1.258358662613982,0.20531400966183588
115,2020-5-16,227,0,63,141.28571428571428,24.0,14.57142857142857,0.0,0.0,0.0,0.0,0.0,17.668490563646184,1.3160237388724034,0.2401352874859075
116,2020-5-17,227,0,63,157.14285714285714,0.0,15.857142857142856,0.0,0.0,0.0,0.0,0.0,14.155727427677453,1.4088319088319088,0.2901921132457027
117,2020-5-18,248,0,63,172.28571428571425,21.0,15.142857142857142,0.0,0.0,0.0,0.0,0.0,11.993457283221,1.4986376021798364,0.33272727272727265
118,2020-5-19,260,0,63,190.4285714285714,12.0,18.142857142857142,0.0,0.0,0.0,0.0,0.0,10.448382580722235,1.5910290237467017,0.37147595356550567
119,2020-5-20,264,0,65,209.1428571428571,4.0,18.714285714285715,0.0,0.0,0.0,0.0,0.0,9.252166236844719,1.6894803548795942,0.40810202550637653
120,2020-5-21,160,0,66,226.99999999999997,-104.0,17.857142857142858,0.0,0.0,0.0,0.0,0.0,8.513610238408361,1.7681159420289854,0.43442622950819665
121,2020-5-22,175,0,68,227.0,15.0,0.0,0.0,0.0,0.0,0.0,0.0,8.322305139190538,1.7914317925591883,0.4417872876022656
122,2020-5-23,198,0,68,223.0,23.0,-3.9999999999999996,0.0,0.0,0.0,0.0,0.0,10.232770703101362,1.6066734074823055,0.3775959723096287
123,2020-5-24,198,0,68,218.85714285714283,0.0,-4.1428571428571415,0.0,0.0,0.0,0.0,0.0,13.862291618948799,1.4190909090909092,0.2953235105701474
124,2020-5-25,222,0,69,214.7142857142857,24.0,-4.1428571428571415,0.0,0.0,0.0,0.0,0.0,20.2788991752995,1.2703150912106138,0.21279373368146226
125,2020-5-26,253,0,69,211.0,31.0,-3.714285714285713,0.0,0.0,0.0,0.0,0.0,40.423119456729964,1.1275318829707428,0.11310711909514315
126,2020-5-27,281,0,69,210.0,28.0,-1.0000000000000009,0.0,0.0,0.0,0.0,0.0,548.8356949066791,1.0088797814207653,0.008801624915369177
127,2020-5-28,317,0,69,212.42857142857142,36.0,2.4285714285714297,0.0,0.0,0.0,0.0,0.0,,,
128,2020-5-29,329,0,72,234.85714285714283,12.0,22.428571428571427,0.0,0.0,0.0,0.0,0.0,,,
129,2020-5-30,413,0,72,256.85714285714283,84.0,22.0,0.0,0.0,0.0,0.0,0.0,93.65831306425667,1.0531710442024342,0.05048661800486609
130,2020-5-31,417,0,72,287.57142857142856,4.0,30.714285714285715,0.0,0.0,0.0,0.0,0.0,30.306084055642515,1.1736292428198434,0.14794215795328147
131,2020-6-1,457,0,72,318.85714285714283,40.0,31.28571428571429,0.0,0.0,0.0,0.0,0.0,16.60726946238085,1.3393213572854292,0.2533532041728763
132,2020-6-2,489,0,82,352.4285714285714,32.0,33.57142857142857,0.0,0.0,0.0,0.0,0.0,11.751528349205216,1.5111712931618144,0.33826164874551967
133,2020-6-3,507,0,82,386.1428571428571,18.0,33.71428571428571,0.0,0.0,0.0,0.0,0.0,9.371549756313296,1.6782312925170066,0.4041345764085934
134,2020-6-4,522,0,82,418.4285714285714,15.0,32.285714285714285,0.0,0.0,0.0,0.0,0.0,8.119172146478807,1.8177538668459987,0.44987051424343316
135,2020-6-5,557,0,82,447.71428571428567,35.0,29.28571428571428,0.0,0.0,0.0,0.0,0.0,8.401365448409528,1.7816301703163018,0.43871628542164565
136,2020-6-6,593,0,82,480.2857142857142,36.0,32.57142857142857,0.0,0.0,0.0,0.0,0.0,8.732402473907085,1.7430478309232482,0.42629227823867266
137,2020-6-7,616,0,96,505.99999999999994,23.0,25.71428571428571,0.0,0.0,0.0,0.0,0.0,9.459810337697215,1.6701440635866864,0.401249256395003
138,2020-6-8,646,0,103,534.4285714285713,30.0,28.428571428571427,0.0,0.0,0.0,0.0,0.0,10.506926403508896,1.5869175627240142,0.36984754376058726
139,2020-6-9,657,0,118,561.4285714285713,11.0,26.999999999999996,0.0,0.0,0.0,0.0,0.0,11.653726170029323,1.5164167004458855,0.3405506549051055
140,2020-6-10,665,0,119,585.4285714285714,8.0,24.0,0.0,0.0,0.0,0.0,0.0,12.96373597106273,1.4539400665926747,0.3122137404580152
141,2020-6-11,679,0,161,608.0,14.0,22.57142857142857,0.0,0.0,0.0,0.0,0.0,14.447532811631122,1.3991123250256061,0.2852611029770621
142,2020-6-12,686,0,161,630.4285714285713,7.0,22.428571428571427,0.0,0.0,0.0,0.0,0.0,15.855292064313272,1.3580089342693045,0.26362781954887227
143,2020-6-13,694,0,219,648.8571428571429,8.0,18.428571428571423,0.0,0.0,0.0,0.0,0.0,17.83712056463946,1.3126115407495538,0.2381599818717426
144,2020-6-14,696,0,240,663.2857142857142,2.0,14.428571428571427,0.0,0.0,0.0,0.0,0.0,19.5114612215214,1.2823263692828912,0.22016732716864829
