Date,Td,R0,Cases(Tot.),Cases(7Ave.),Cases(Day),Cases(7Ave.Day),Deaths(Tot.),Death(7Ave.),Death(Day),Death(7Ave.Day),Death/Mil.pop(7Ave.Day)
2020/01/27,NG,NG,0,0.00,0,0.00,0,0.00,0,0.00,0.0
2020/01/28,NG,NG,0,0.00,0,0.00,0,0.00,0,0.00,0.0
2020/01/29,NG,NG,0,0.00,0,0.00,0,0.00,0,0.00,0.0
2020/01/30,NG,NG,0,0.00,0,0.00,0,0.00,0,0.00,0.0
2020/01/31,NG,NG,0,0.00,0,0.00,0,0.00,0,0.00,0.0
2020/02/01,NG,NG,0,0.00,0,0.00,0,0.00,0,0.00,0.0
2020/02/02,NG,NG,0,0.00,0,0.00,0,0.00,0,0.00,0.0
2020/02/03,NG,NG,0,0.00,0,0.00,0,0.00,0,0.00,0.0
2020/02/04,NG,NG,0,0.00,0,0.00,0,0.00,0,0.00,0.0
2020/02/05,NG,NG,0,0.00,0,0.00,0,0.00,0,0.00,0.0
2020/02/06,NG,NG,0,0.00,0,0.00,0,0.00,0,0.00,0.0
2020/02/07,NG,NG,0,0.00,0,0.00,0,0.00,0,0.00,0.0
2020/02/08,NG,NG,0,0.00,0,0.00,0,0.00,0,0.00,0.0
2020/02/09,NG,NG,0,0.00,0,0.00,0,0.00,0,0.00,0.0
2020/02/10,NG,NG,0,0.00,0,0.00,0,0.00,0,0.00,0.0
2020/02/11,NG,NG,0,0.00,0,0.00,0,0.00,0,0.00,0.0
2020/02/12,NG,NG,0,0.00,0,0.00,0,0.00,0,0.00,0.0
2020/02/13,NG,NG,0,0.00,0,0.00,0,0.00,0,0.00,0.0
2020/02/14,NG,NG,0,0.00,0,0.00,0,0.00,0,0.00,0.0
2020/02/15,NG,NG,0,0.00,0,0.00,0,0.00,0,0.00,0.0
2020/02/16,NG,NG,0,0.00,0,0.00,0,0.00,0,0.00,0.0
2020/02/17,NG,NG,0,0.00,0,0.00,0,0.00,0,0.00,0.0
2020/02/18,NG,NG,0,0.00,0,0.00,0,0.00,0,0.00,0.0
2020/02/19,NG,NG,0,0.00,0,0.00,0,0.00,0,0.00,0.0
2020/02/20,NG,NG,0,0.00,0,0.00,0,0.00,0,0.00,0.0
2020/02/21,NG,NG,0,0.00,0,0.00,0,0.00,0,0.00,0.0
2020/02/22,NG,NG,0,0.00,0,0.00,0,0.00,0,0.00,0.0
2020/02/23,NG,NG,0,0.00,0,0.00,0,0.00,0,0.00,0.0
2020/02/24,1.31,40.60,0,0.14,0,0.14,0,0.00,0,0.00,0.0
2020/02/25,1.41,31.22,0,0.29,0,0.14,0,0.00,0,0.00,0.0
2020/02/26,1.72,16.79,0,0.71,0,0.43,0,0.00,0,0.00,0.0
2020/02/27,1.89,13.03,1,1.29,1,0.57,0,0.00,0,0.00,0.0
2020/02/28,1.76,15.75,1,1.86,0,0.57,0,0.00,0,0.00,0.0
2020/02/29,1.52,24.34,3,2.71,2,0.86,0,0.00,0,0.00,0.0
2020/03/01,1.43,29.76,4,4.29,1,1.57,0,0.00,0,0.00,0.0
2020/03/02,1.34,37.37,4,5.71,0,1.43,0,0.00,0,0.00,0.0
2020/03/03,1.35,36.38,6,9.00,2,3.29,0,0.00,0,0.00,0.0
2020/03/04,1.35,36.38,11,12.00,5,3.00,0,0.00,0,0.00,0.0
2020/03/05,1.38,33.65,11,16.71,0,4.71,0,0.00,0,0.00,0.0
2020/03/06,1.54,23.35,24,29.29,13,12.57,0,0.00,0,0.00,0.0
2020/03/07,1.96,11.89,24,66.14,0,36.86,0,0.00,0,0.00,0.0
2020/03/08,2.51,6.91,37,128.00,13,61.86,0,0.00,0,0.00,0.0
2020/03/09,3.21,4.53,92,214.57,55,86.57,0,0.00,0,0.00,0.0
2020/03/10,4.15,3.22,264,326.00,172,111.43,0,0.00,0,0.00,0.0
2020/03/11,5.15,2.57,444,442.00,180,116.00,0,0.14,0,0.14,0.024179394527235845
2020/03/12,6.23,2.18,617,561.71,173,119.71,0,0.43,0,0.29,0.07426528319079581
2020/03/13,7.38,1.93,804,681.86,187,120.14,0,0.86,0,0.43,0.14853056638159162
2020/03/14,8.34,1.79,836,790.57,32,108.71,1,1.43,1,0.57,0.24697524409962326
2020/03/15,8.99,1.72,875,886.57,39,96.00,2,2.00,1,0.57,0.3454199218176549
2020/03/16,9.35,1.68,933,973.43,58,86.86,3,2.86,1,0.86,0.49395048819924653
2020/03/17,9.40,1.68,1025,1049.57,92,76.14,4,4.14,1,1.29,0.7150192381625456
2020/03/18,9.45,1.67,1116,1133.00,91,83.43,4,5.86,0,1.71,1.012080370925729
2020/03/19,9.47,1.67,1225,1224.29,109,91.29,6,7.43,2,1.57,1.283235009552588
2020/03/20,9.33,1.68,1337,1315.57,112,91.29,9,10.43,3,3.00,1.8013648922790704
2020/03/21,9.17,1.70,1420,1414.57,83,99.00,13,14.43,4,4.00,2.49220473591438
2020/03/22,9.02,1.71,1514,1521.14,94,106.57,13,18.71,0,4.29,3.231403368604162
2020/03/23,8.86,1.73,1572,1635.14,58,114.00,24,23.71,11,5.00,4.0949531731482995
2020/03/24,8.68,1.75,1718,1758.43,146,123.29,32,29.86,8,6.14,5.157119432737588
2020/03/25,8.51,1.77,1862,1893.57,144,135.14,34,37.29,2,7.43,6.440354442290176
2020/03/26,8.43,1.78,2023,2043.57,161,150.00,41,45.71,7,8.43,7.894572313142503
2020/03/27,8.42,1.78,2200,2212.57,177,169.00,52,53.29,11,7.57,9.203713816831415
2020/03/28,8.48,1.77,2366,2401.29,166,188.71,65,61.57,13,8.29,10.633752293156506
2020/03/29,8.59,1.76,2564,2605.29,198,204.00,72,71.57,7,10.00,12.36085190224478
2020/03/30,8.80,1.74,2755,2826.71,191,221.43,77,83.29,5,11.71,14.385012644096241
2020/03/31,9.24,1.69,3039,3076.14,284,249.43,90,95.71,13,12.43,16.530070358583874
2020/04/01,9.86,1.64,3290,3348.00,251,271.86,104,109.43,14,13.71,18.89965102225299
2020/04/02,10.63,1.58,3573,3633.29,283,285.29,123,124.71,19,15.29,21.53865922493987
2020/04/03,11.65,1.52,3946,3936.14,373,302.86,139,140.43,16,15.71,24.25365981042664
2020/04/04,13.03,1.45,4269,4254.29,323,318.14,161,156.57,22,16.14,27.041198579495113
2020/04/05,14.84,1.39,4561,4583.86,292,329.57,179,172.86,18,16.29,29.854643842699918
2020/04/06,16.93,1.33,4875,4906.29,314,322.43,187,189.14,8,16.29,32.66636200629562
2020/04/07,19.01,1.29,5266,5201.71,391,295.43,203,204.57,16,15.43,35.33127670311883
2020/04/08,21.10,1.26,5597,5476.29,331,274.57,218,218.71,15,14.14,37.773395550369656
2020/04/09,23.26,1.23,5830,5734.57,233,258.29,237,232.14,19,13.43,40.0928903253752
2020/04/10,25.20,1.21,6014,5968.57,184,234.00,247,246.14,10,14.00,42.51082977809879
2020/04/11,26.69,1.20,6191,6174.29,177,205.71,260,259.86,13,13.71,44.88041044176791
2020/04/12,27.55,1.19,6369,6357.00,178,182.71,273,272.86,13,13.00,47.12563993358266
2020/04/13,28.40,1.19,6513,6534.71,144,177.71,285,284.86,12,12.00,49.19815946448859
2020/04/14,29.48,1.18,6706,6713.86,193,179.14,299,297.57,14,12.71,51.393303067639785
2020/04/15,30.33,1.17,6876,6891.86,170,178.00,309,309.86,10,12.29,53.51590848720928
2020/04/16,31.10,1.17,7074,7064.86,198,173.00,321,321.57,12,11.71,55.53834212945164
2020/04/17,31.84,1.16,7268,7236.00,194,171.14,336,332.86,15,11.29,57.48823758811231
2020/04/18,32.63,1.16,7437,7405.29,169,169.29,346,343.00,10,10.14,59.23951659172782
2020/04/19,33.86,1.15,7580,7581.29,143,176.00,355,353.71,9,10.71,61.08924027306136
2020/04/20,35.02,1.15,7711,7752.29,131,171.00,364,364.14,9,10.43,62.89060516534043
2020/04/21,35.87,1.14,7891,7915.14,180,162.86,370,373.71,6,9.57,64.5434394912379
2020/04/22,37.67,1.14,8108,8087.43,217,172.29,384,384.00,14,10.29,66.32062498898975
2020/04/23,39.59,1.13,8271,8257.86,163,170.43,394,393.57,10,9.57,67.97345931488722
2020/04/24,41.46,1.12,8408,8427.14,137,169.29,403,402.57,9,9.00,69.52784896306667
2020/04/25,43.28,1.12,8643,8592.57,235,165.43,418,411.71,15,9.14,71.10641800577335
2020/04/26,45.03,1.11,8773,8749.43,130,156.86,422,420.14,4,8.43,72.56236297623477
2020/04/27,46.81,1.11,8896,8904.43,123,155.00,427,428.43,5,8.29,73.99412855216895
2020/04/28,48.92,1.10,9049,9061.71,153,157.29,434,436.57,7,8.14,75.3999876339668
2020/04/29,49.99,1.10,9206,9199.14,157,137.43,443,444.71,9,8.14,76.80584671576466
2020/04/30,51.00,1.10,9356,9334.57,150,135.43,452,453.57,9,8.86,78.33605696941687
2020/05/01,52.72,1.10,9509,9473.43,153,138.86,460,463.00,8,9.43,79.96471190078711
2020/05/02,55.11,1.09,9605,9612.00,96,138.57,475,472.86,15,9.86,81.66763211534816
2020/05/03,57.63,1.09,9721,9744.86,116,132.86,484,481.86,9,9.00,83.22202176352761
2020/05/04,61.28,1.08,9868,9877.00,147,132.14,493,490.71,9,8.86,84.75050491757072
2020/05/05,65.77,1.08,10019,10006.57,151,129.57,503,499.57,10,8.86,86.28071517122294
2020/05/06,71.40,1.07,10136,10136.86,117,130.29,506,506.86,3,7.29,87.53977078624828
2020/05/07,78.50,1.06,10281,10266.29,145,129.43,514,513.29,8,6.43,88.65029583489203
2020/05/08,86.52,1.06,10416,10386.71,135,120.43,522,519.00,8,5.71,89.63646971168146
2020/05/09,94.36,1.05,10517,10496.71,101,110.00,526,522.43,4,3.43,90.22886487759872
2020/05/10,102.48,1.05,10627,10600.86,110,104.14,529,526.29,3,3.86,90.8955253267068
2020/05/11,108.05,1.05,10711,10690.86,84,90.00,533,529.57,4,3.29,91.46201399848776
2020/05/12,113.18,1.04,10789,10772.71,78,81.86,527,531.71,-6,2.14,91.83161331483265
2020/05/13,117.75,1.04,10865,10849.71,76,77.00,533,534.14,6,2.43,92.2512985198411
2020/05/14,120.88,1.04,10911,10920.86,46,71.14,537,536.71,4,2.57,92.69516311937679
2020/05/15,122.93,1.04,10989,10985.86,78,65.00,537,538.86,0,2.14,93.06648953533077
2020/05/16,126.36,1.04,11056,11050.57,67,64.71,543,542.29,6,3.43,93.65888470124804
2020/05/17,130.68,1.04,11125,11114.86,69,64.29,547,545.29,4,3.00,94.17701458397453
2020/05/18,137.76,1.04,11166,11181.86,41,67.00,548,548.71,1,3.43,94.76768265028272
2020/05/19,142.20,1.03,11242,11244.57,76,62.71,551,552.14,3,3.43,95.36007781619999
2020/05/20,147.48,1.03,11315,11306.14,73,61.57,554,554.71,3,2.57,95.80394241573569
