Date,Td,R0,Cases(Tot.),Cases(7Ave.),Cases(Day),Cases(7Ave.Day),Deaths(Tot.),Death(7Ave.),Death(Day),Death(7Ave.Day),Death/Mil.pop(7Ave.Day)
2020/01/27,NG,NG,0,0.00,0,0.00,0,0.00,0,0.00,0.0
2020/01/28,NG,NG,0,0.00,0,0.00,0,0.00,0,0.00,0.0
2020/01/29,NG,NG,0,0.00,0,0.00,0,0.00,0,0.00,0.0
2020/01/30,NG,NG,0,0.00,0,0.00,0,0.00,0,0.00,0.0
2020/01/31,NG,NG,0,0.00,0,0.00,0,0.00,0,0.00,0.0
2020/02/01,NG,NG,0,0.00,0,0.00,0,0.00,0,0.00,0.0
2020/02/02,NG,NG,0,0.00,0,0.00,0,0.00,0,0.00,0.0
2020/02/03,NG,NG,0,0.00,0,0.00,0,0.00,0,0.00,0.0
2020/02/04,NG,NG,0,0.00,0,0.00,0,0.00,0,0.00,0.0
2020/02/05,NG,NG,0,0.00,0,0.00,0,0.00,0,0.00,0.0
2020/02/06,NG,NG,0,0.00,0,0.00,0,0.00,0,0.00,0.0
2020/02/07,NG,NG,0,0.00,0,0.00,0,0.00,0,0.00,0.0
2020/02/08,NG,NG,0,0.00,0,0.00,0,0.00,0,0.00,0.0
2020/02/09,NG,NG,0,0.00,0,0.00,0,0.00,0,0.00,0.0
2020/02/10,NG,NG,0,0.00,0,0.00,0,0.00,0,0.00,0.0
2020/02/11,NG,NG,0,0.00,0,0.00,0,0.00,0,0.00,0.0
2020/02/12,NG,NG,0,0.00,0,0.00,0,0.00,0,0.00,0.0
2020/02/13,NG,NG,0,0.00,0,0.00,0,0.00,0,0.00,0.0
2020/02/14,NG,NG,0,0.00,0,0.00,0,0.00,0,0.00,0.0
2020/02/15,NG,NG,0,0.00,0,0.00,0,0.00,0,0.00,0.0
2020/02/16,NG,NG,0,0.00,0,0.00,0,0.00,0,0.00,0.0
2020/02/17,NG,NG,0,0.00,0,0.00,0,0.00,0,0.00,0.0
2020/02/18,NG,NG,0,0.00,0,0.00,0,0.00,0,0.00,0.0
2020/02/19,NG,NG,0,0.00,0,0.00,0,0.00,0,0.00,0.0
2020/02/20,NG,NG,0,0.00,0,0.00,0,0.00,0,0.00,0.0
2020/02/21,2.47,7.13,0,0.14,0,0.14,0,0.00,0,0.00,0.0
2020/02/22,3.92,3.45,0,0.29,0,0.14,0,0.00,0,0.00,0.0
2020/02/23,5.75,2.33,0,0.43,0,0.14,0,0.00,0,0.00,0.0
2020/02/24,8.63,1.75,1,0.57,1,0.14,0,0.00,0,0.00,0.0
2020/02/25,14.17,1.41,1,0.71,0,0.14,0,0.00,0,0.00,0.0
2020/02/26,32.17,1.16,1,0.86,0,0.14,0,0.00,0,0.00,0.0
2020/02/27,13.57,1.43,1,1.00,0,0.14,0,0.00,0,0.00,0.0
2020/02/28,7.82,1.86,1,1.00,0,0.00,0,0.00,0,0.00,0.0
2020/02/29,5.46,2.43,1,1.00,0,0.00,0,0.00,0,0.00,0.0
2020/03/01,4.07,3.29,1,1.00,0,0.00,0,0.00,0,0.00,0.0
2020/03/02,3.42,4.13,1,1.00,0,0.00,0,0.00,0,0.00,0.0
2020/03/03,3.01,5.01,1,1.00,0,0.00,0,0.00,0,0.00,0.0
2020/03/04,2.61,6.42,1,1.00,0,0.00,0,0.00,0,0.00,0.0
2020/03/05,2.79,5.69,1,1.43,0,0.43,0,0.00,0,0.00,0.0
2020/03/06,2.79,5.69,1,1.86,0,0.43,0,0.00,0,0.00,0.0
2020/03/07,2.89,5.36,1,2.43,0,0.57,0,0.00,0,0.00,0.0
2020/03/08,3.18,4.60,4,3.29,3,0.86,0,0.00,0,0.00,0.0
2020/03/09,3.39,4.18,4,4.14,0,0.86,0,0.00,0,0.00,0.0
2020/03/10,3.54,3.94,5,5.00,1,0.86,0,0.00,0,0.00,0.0
2020/03/11,4.01,3.35,7,6.43,2,1.43,0,0.00,0,0.00,0.0
2020/03/12,4.32,3.07,7,8.14,0,1.71,0,0.00,0,0.00,0.0
2020/03/13,5.03,2.62,7,10.57,0,2.43,0,0.00,0,0.00,0.0
2020/03/14,4.88,2.70,11,13.00,4,2.43,0,0.00,0,0.00,0.0
2020/03/15,4.55,2.90,16,15.14,5,2.14,0,0.00,0,0.00,0.0
2020/03/16,4.24,3.14,21,17.29,5,2.14,0,0.00,0,0.00,0.0
2020/03/17,3.99,3.37,22,19.71,1,2.43,0,0.00,0,0.00,0.0
2020/03/18,3.74,3.66,22,21.57,0,1.86,0,0.00,0,0.00,0.0
2020/03/19,3.78,3.61,22,25.00,0,3.43,0,0.14,0,0.14,0.003605742546788502
2020/03/20,3.55,3.92,24,27.71,2,2.71,0,0.29,0,0.14,0.007469038132633324
2020/03/21,3.87,3.50,24,35.14,0,7.43,0,0.43,0,0.14,0.011074780679421825
2020/03/22,4.07,3.29,40,44.00,16,8.86,1,0.71,1,0.29,0.018286265772998828
2020/03/23,4.24,3.14,40,54.29,0,10.29,1,1.29,0,0.57,0.03322434203826548
2020/03/24,4.51,2.93,74,66.57,34,12.29,1,1.86,0,0.57,0.04790486526447581
2020/03/25,4.69,2.81,84,78.86,10,12.29,2,2.43,1,0.57,0.06258538849068614
2020/03/26,4.68,2.82,94,90.29,10,11.43,4,2.86,2,0.43,0.07366016917010795
2020/03/27,5.08,2.60,110,108.86,16,18.57,4,3.29,0,0.43,0.08473494984952978
2020/03/28,5.11,2.58,110,123.14,0,14.29,4,3.71,0,0.43,0.09555217748989529
2020/03/29,5.54,2.40,120,145.00,10,21.86,4,4.00,0,0.29,0.10302121562252861
2020/03/30,6.09,2.22,170,170.57,50,25.57,4,4.29,0,0.29,0.11049025375516194
2020/03/31,6.48,2.11,174,195.00,4,24.43,4,4.57,0,0.29,0.11770173884873895
2020/04/01,6.89,2.02,237,222.00,63,27.00,4,5.00,0,0.43,0.12877651952816077
2020/04/02,7.51,1.91,273,254.71,36,32.71,6,5.43,2,0.43,0.1398513002075826
2020/04/03,7.76,1.87,281,282.86,8,28.14,6,6.43,0,1.00,0.16560660411321473
2020/04/04,8.33,1.79,299,318.43,18,35.57,7,7.86,1,1.43,0.20243668869826875
2020/04/05,8.44,1.78,349,348.00,50,29.57,7,9.29,0,1.43,0.2392667732833227
2020/04/06,8.50,1.77,367,378.14,18,30.14,11,10.57,4,1.29,0.27223356228253187
2020/04/07,8.61,1.76,423,412.43,56,34.29,14,11.86,3,1.29,0.30545790432079734
2020/04/08,8.82,1.73,444,449.00,21,36.57,14,13.43,0,1.57,0.3458937314526398
2020/04/09,8.98,1.72,484,485.86,40,36.86,15,15.00,1,1.57,0.3863295585844823
2020/04/10,9.40,1.68,521,528.43,37,42.57,15,16.43,0,1.43,0.4231596431695363
2020/04/11,9.71,1.65,555,570.00,34,41.57,18,17.71,3,1.29,0.4561264321687455
2020/04/12,10.20,1.61,607,618.57,52,48.57,18,19.29,0,1.57,0.49681981233964423
2020/04/13,10.59,1.58,665,669.43,58,50.86,21,21.43,3,2.14,0.5519361626976971
2020/04/14,11.09,1.55,714,724.43,49,55.00,23,23.57,2,2.14,0.6070525130557499
2020/04/15,11.26,1.54,784,778.43,70,54.00,25,25.29,2,1.71,0.6513516357734371
2020/04/16,11.45,1.53,840,834.00,56,55.57,30,27.43,5,2.14,0.70646798613149
2020/04/17,11.11,1.55,906,885.57,66,51.57,30,29.57,0,2.14,0.7615843364895428
2020/04/18,10.74,1.57,933,939.57,27,54.00,30,31.43,0,1.86,0.8094892017540186
2020/04/19,10.44,1.59,996,995.57,63,56.00,33,33.57,3,2.14,0.8646055521120715
2020/04/20,10.08,1.62,1026,1058.29,30,62.71,36,35.29,3,1.71,0.9089046748297587
2020/04/21,9.67,1.65,1092,1121.86,66,63.57,36,37.14,0,1.86,0.9565519870551782
2020/04/22,9.49,1.67,1176,1197.57,84,75.71,40,39.57,4,2.43,1.0191373755458644
2020/04/23,9.16,1.70,1279,1274.00,103,76.43,42,42.00,2,2.43,1.0817227640365505
2020/04/24,9.11,1.70,1351,1370.71,72,96.71,43,45.00,1,3.00,1.1589886757534469
2020/04/25,8.98,1.72,1463,1475.86,112,105.14,47,48.14,4,3.14,1.2398603300171318
2020/04/26,8.86,1.73,1531,1584.86,68,109.00,50,51.00,3,2.86,1.3135204991872398
2020/04/27,8.97,1.72,1703,1712.29,172,127.43,57,54.14,7,3.14,1.394392153450925
2020/04/28,9.16,1.70,1828,1852.86,125,140.57,58,57.71,1,3.57,1.4863385883940317
2020/04/29,9.27,1.69,1939,1996.57,111,143.71,60,61.29,2,3.57,1.5785425763761947
2020/04/30,9.47,1.67,2171,2164.14,232,167.57,64,66.29,4,5.00,1.7073190959043556
2020/05/01,9.61,1.66,2335,2334.29,164,170.14,68,71.00,4,4.71,1.8286265772998829
2020/05/02,10.00,1.62,2469,2533.71,134,199.43,72,76.29,4,5.29,1.9648721349606773
2020/05/03,10.36,1.60,2704,2741.29,235,207.57,85,82.57,13,6.29,2.126615443488047
2020/05/04,10.46,1.59,2894,2940.14,190,198.86,90,88.57,5,6.00,2.2811472669218396
2020/05/05,10.47,1.59,3224,3146.29,330,206.14,95,94.43,5,5.86,2.4320733478088443
2020/05/06,10.54,1.58,3392,3369.71,168,223.43,104,100.57,9,6.14,2.5902109137894254
2020/05/07,10.80,1.57,3563,3612.29,171,242.57,106,105.57,2,5.00,2.7189874333175865
2020/05/08,11.04,1.55,3778,3868.43,215,256.14,109,110.14,3,4.57,2.8366891721663254
2020/05/09,11.05,1.55,4033,4116.86,255,248.43,115,114.71,6,4.57,2.9543909110150643
2020/05/10,11.01,1.55,4402,4378.86,369,262.00,120,118.71,5,4.00,3.0574121266375927
2020/05/11,11.10,1.55,4687,4675.43,285,296.57,122,123.00,2,4.29,3.167902380392755
2020/05/12,11.27,1.54,4963,5000.43,276,325.00,127,129.29,5,6.29,3.329903241959181
2020/05/13,11.30,1.54,5226,5338.86,263,338.43,132,136.86,5,7.57,3.524870892524817
2020/05/14,11.11,1.55,5639,5662.00,413,323.14,136,143.86,4,7.00,3.705158019864242
2020/05/15,10.95,1.56,6053,6002.71,414,340.71,153,151.14,17,7.29,3.8926566322972436
2020/05/16,10.96,1.56,6402,6387.00,349,384.29,168,158.43,15,7.29,4.080412797769302
2020/05/17,11.03,1.55,6664,6804.00,262,417.00,169,166.29,1,7.86,4.282849486467571
2020/05/18,11.15,1.55,7072,7237.86,408,433.86,173,174.43,4,8.14,4.492497660259417
2020/05/19,11.29,1.54,7653,7689.71,581,451.86,178,181.86,5,7.43,4.6838595682782636
2020/05/20,11.60,1.52,8145,8203.43,492,513.71,187,188.71,9,6.86,4.860283400031844
