Date,Td,Cases(Tot.),Cases(7Ave.),Cases(Day),Cases(7Ave.Day),Deaths(Tot.),Death(7Ave.),Death(Day),Death(7Ave.Day),Death/Mil.pop(7Ave.Day)
2020/01/27,NG,0,0.00,0,0.00,0,0.00,0,0.00,0.0
2020/01/28,NG,0,0.00,0,0.00,0,0.00,0,0.00,0.0
2020/01/29,NG,0,0.00,0,0.00,0,0.00,0,0.00,0.0
2020/01/30,NG,0,0.00,0,0.00,0,0.00,0,0.00,0.0
2020/01/31,NG,0,0.00,0,0.00,0,0.00,0,0.00,0.0
2020/02/01,NG,0,0.00,0,0.00,0,0.00,0,0.00,0.0
2020/02/02,NG,0,0.00,0,0.00,0,0.00,0,0.00,0.0
2020/02/03,NG,0,0.00,0,0.00,0,0.00,0,0.00,0.0
2020/02/04,NG,0,0.00,0,0.00,0,0.00,0,0.00,0.0
2020/02/05,NG,0,0.00,0,0.00,0,0.00,0,0.00,0.0
2020/02/06,NG,0,0.00,0,0.00,0,0.00,0,0.00,0.0
2020/02/07,NG,0,0.00,0,0.00,0,0.00,0,0.00,0.0
2020/02/08,NG,0,0.00,0,0.00,0,0.00,0,0.00,0.0
2020/02/09,NG,0,0.00,0,0.00,0,0.00,0,0.00,0.0
2020/02/10,NG,0,0.00,0,0.00,0,0.00,0,0.00,0.0
2020/02/11,NG,0,0.00,0,0.00,0,0.00,0,0.00,0.0
2020/02/12,NG,0,0.00,0,0.00,0,0.00,0,0.00,0.0
2020/02/13,NG,0,0.00,0,0.00,0,0.00,0,0.00,0.0
2020/02/14,NG,0,0.00,0,0.00,0,0.00,0,0.00,0.0
2020/02/15,NG,0,0.00,0,0.00,0,0.00,0,0.00,0.0
2020/02/16,NG,0,0.00,0,0.00,0,0.00,0,0.00,0.0
2020/02/17,NG,0,0.00,0,0.00,0,0.00,0,0.00,0.0
2020/02/18,NG,0,0.00,0,0.00,0,0.00,0,0.00,0.0
2020/02/19,NG,0,0.00,0,0.00,0,0.00,0,0.00,0.0
2020/02/20,NG,0,0.00,0,0.00,0,0.00,0,0.00,0.0
2020/02/21,NG,0,0.00,0,0.00,0,0.00,0,0.00,0.0
2020/02/22,NG,0,0.00,0,0.00,0,0.00,0,0.00,0.0
2020/02/23,NG,0,0.00,0,0.00,0,0.00,0,0.00,0.0
2020/02/24,NG,0,0.00,0,0.00,0,0.00,0,0.00,0.0
2020/02/25,NG,0,0.00,0,0.00,0,0.00,0,0.00,0.0
2020/02/26,NG,0,0.00,0,0.00,0,0.00,0,0.00,0.0
2020/02/27,NG,0,0.00,0,0.00,0,0.00,0,0.00,0.0
2020/02/28,NG,0,0.00,0,0.00,0,0.00,0,0.00,0.0
2020/02/29,NG,0,0.00,0,0.00,0,0.00,0,0.00,0.0
2020/03/01,NG,0,0.00,0,0.00,0,0.00,0,0.00,0.0
2020/03/02,NG,0,0.00,0,0.00,0,0.00,0,0.00,0.0
2020/03/03,NG,0,0.00,0,0.00,0,0.00,0,0.00,0.0
2020/03/04,NG,0,0.00,0,0.00,0,0.00,0,0.00,0.0
2020/03/05,NG,0,0.00,0,0.00,0,0.00,0,0.00,0.0
2020/03/06,1.05,0,0.29,0,0.29,0,0.00,0,0.00,0.0
2020/03/07,1.59,0,1.71,0,1.43,0,0.00,0,0.00,0.0
2020/03/08,1.92,0,3.43,0,1.71,0,0.14,0,0.14,0.04864286409183773
2020/03/09,2.44,2,6.71,2,3.29,0,0.29,0,0.14,0.10076021847594957
2020/03/10,3.12,10,11.43,8,4.71,0,0.43,0,0.14,0.1494030825677873
2020/03/11,3.84,12,16.86,2,5.43,1,0.57,1,0.14,0.19804594665962502
2020/03/12,4.56,23,22.86,11,6.00,1,0.71,0,0.14,0.24668881075146273
2020/03/13,5.36,33,29.86,10,7.00,1,0.86,0,0.14,0.2988061651355746
2020/03/14,5.82,38,36.29,5,6.43,1,1.00,0,0.14,0.34744902922741233
2020/03/15,6.04,42,43.00,4,6.71,1,1.14,0,0.14,0.39609189331925004
2020/03/16,5.87,51,48.86,9,5.86,1,1.29,0,0.14,0.4482092477033619
2020/03/17,5.62,55,54.14,4,5.29,1,1.43,0,0.14,0.4968521117951996
2020/03/18,5.43,59,59.57,4,5.43,2,1.57,1,0.14,0.5454949758870374
2020/03/19,5.39,64,66.29,5,6.71,2,1.71,0,0.14,0.594137839978875
2020/03/20,5.44,70,73.86,6,7.57,2,2.14,0,0.43,0.7435409225466625
2020/03/21,5.65,76,83.57,6,9.71,2,2.71,0,0.57,0.9415868692062874
2020/03/22,6.07,89,96.00,13,12.43,2,3.14,0,0.43,1.0909899517740749
2020/03/23,6.80,104,111.71,15,15.71,4,3.71,2,0.57,1.2890358984336998
2020/03/24,7.50,123,128.29,19,16.57,5,4.57,1,0.86,1.5878420635692745
2020/03/25,8.13,146,145.57,23,17.29,5,5.71,0,1.14,1.9839339568885244
2020/03/26,8.66,174,163.14,28,17.57,6,6.86,1,1.14,2.3835003405000488
2020/03/27,9.06,186,180.14,12,17.00,8,7.86,2,1.00,2.730949369727461
2020/03/28,9.56,197,197.29,11,17.14,10,9.29,2,1.43,3.2278014815226603
2020/03/29,9.93,212,213.43,15,16.14,10,10.71,0,1.43,3.7211791030255865
2020/03/30,10.22,223,228.14,11,14.71,11,12.14,1,1.43,4.218031214820786
2020/03/31,10.88,243,245.00,20,16.86,15,13.43,4,1.29,4.666240462524147
2020/04/01,11.94,259,264.43,16,19.43,15,14.86,0,1.43,5.163092574319347
2020/04/02,13.51,277,285.71,18,21.29,16,16.29,1,1.43,5.659944686114547
2020/04/03,15.36,304,307.71,27,22.00,17,17.71,1,1.43,6.153322307617473
2020/04/04,17.11,333,327.71,29,20.00,20,18.71,3,1.00,6.500771336844885
2020/04/05,19.08,361,347.86,28,20.14,20,19.71,0,1.00,6.848220366072297
2020/04/06,20.59,377,366.71,16,18.86,21,20.71,1,1.00,7.19566939529971
2020/04/07,21.09,383,382.71,6,16.00,22,21.57,1,0.86,7.494475560435284
2020/04/08,21.38,400,397.00,17,14.29,22,22.00,0,0.43,7.643878643003071
2020/04/09,21.14,409,409.14,9,12.14,23,22.43,1,0.43,7.793281725570859
2020/04/10,21.04,416,422.00,7,12.86,23,22.71,0,0.29,7.890567453754534
2020/04/11,20.62,433,435.14,17,13.14,23,23.00,0,0.29,7.991327672230484
2020/04/12,20.17,446,448.57,13,13.43,23,23.43,0,0.43,8.140730754798271
2020/04/13,20.04,467,464.14,21,15.57,23,23.86,0,0.43,8.290133837366058
2020/04/14,20.39,475,481.71,8,17.57,24,24.29,1,0.43,8.439536919933845
2020/04/15,20.04,494,498.14,19,16.43,25,24.71,1,0.43,8.585465512209359
2020/04/16,19.76,518,514.71,24,16.57,26,25.14,1,0.43,8.734868594777147
2020/04/17,19.72,539,531.43,21,16.71,26,25.57,0,0.43,8.884271677344934
2020/04/18,20.22,548,550.57,9,19.14,26,25.86,0,0.29,8.985031895820883
2020/04/19,21.02,562,570.57,14,20.00,26,26.14,0,0.29,9.082317624004558
2020/04/20,22.38,584,591.29,22,20.71,26,26.29,0,0.14,9.13443497838867
2020/04/21,23.81,609,611.14,25,19.86,26,26.43,0,0.14,9.183077842480508
2020/04/22,26.84,634,634.57,25,23.43,27,26.57,1,0.14,9.231720706572347
2020/04/23,30.83,663,658.00,29,23.43,27,26.86,0,0.29,9.332480925048294
2020/04/24,35.35,678,679.71,15,21.71,27,27.14,0,0.29,9.42976665323197
2020/04/25,40.17,712,699.86,34,20.14,27,27.71,0,0.57,9.627812599891596
2020/04/26,45.74,726,718.71,14,18.86,28,28.14,1,0.43,9.777215682459383
2020/04/27,50.17,736,734.43,10,15.71,28,28.71,0,0.57,9.975261629119009
2020/04/28,54.76,750,749.29,14,14.86,30,29.29,2,0.57,10.176782066070906
2020/04/29,56.64,766,760.29,16,11.00,30,29.86,0,0.57,10.374828012730532
2020/04/30,56.89,773,770.14,7,9.86,31,30.29,1,0.43,10.524231095298319
2020/05/01,57.33,782,779.71,9,9.57,31,30.71,0,0.43,10.670159687573832
2020/05/02,59.70,789,789.71,7,10.00,31,30.86,0,0.14,10.722277041957945
2020/05/03,62.71,795,799.14,6,9.43,31,31.00,0,0.14,10.770919906049782
2020/05/04,65.27,803,809.00,8,9.86,31,31.00,0,0.00,10.770919906049782
2020/05/05,66.31,820,818.71,17,9.71,31,31.00,0,0.00,10.770919906049782
2020/05/06,65.62,832,828.29,12,9.57,31,31.00,0,0.00,10.770919906049782
2020/05/07,65.69,842,838.71,10,10.43,31,31.00,0,0.00,10.770919906049782
2020/05/08,65.46,850,848.57,8,9.86,31,31.00,0,0.00,10.770919906049782
2020/05/09,63.77,856,856.57,6,8.00,31,31.00,0,0.00,10.770919906049782
2020/05/10,59.89,868,863.43,12,6.86,31,31.00,0,0.00,10.770919906049782
2020/05/11,58.77,872,871.43,4,8.00,31,31.00,0,0.00,10.770919906049782
