Date,Td,R0,Cases(Tot.),Cases(7Ave.),Cases(Day),Cases(7Ave.Day),Deaths(Tot.),Death(7Ave.),Death(Day),Death(7Ave.Day),Death/Mil.pop(7Ave.Day)
2020/01/27,NG,NG,0,0.00,0,0.00,0,0.00,0,0.00,0.0
2020/01/28,NG,NG,0,0.00,0,0.00,0,0.00,0,0.00,0.0
2020/01/29,NG,NG,0,0.00,0,0.00,0,0.00,0,0.00,0.0
2020/01/30,NG,NG,0,0.00,0,0.00,0,0.00,0,0.00,0.0
2020/01/31,NG,NG,0,0.00,0,0.00,0,0.00,0,0.00,0.0
2020/02/01,NG,NG,0,0.00,0,0.00,0,0.00,0,0.00,0.0
2020/02/02,NG,NG,0,0.00,0,0.00,0,0.00,0,0.00,0.0
2020/02/03,NG,NG,0,0.00,0,0.00,0,0.00,0,0.00,0.0
2020/02/04,NG,NG,0,0.00,0,0.00,0,0.00,0,0.00,0.0
2020/02/05,NG,NG,0,0.00,0,0.00,0,0.00,0,0.00,0.0
2020/02/06,NG,NG,0,0.00,0,0.00,0,0.00,0,0.00,0.0
2020/02/07,NG,NG,0,0.00,0,0.00,0,0.00,0,0.00,0.0
2020/02/08,NG,NG,0,0.00,0,0.00,0,0.00,0,0.00,0.0
2020/02/09,NG,NG,0,0.00,0,0.00,0,0.00,0,0.00,0.0
2020/02/10,NG,NG,0,0.00,0,0.00,0,0.00,0,0.00,0.0
2020/02/11,NG,NG,0,0.00,0,0.00,0,0.00,0,0.00,0.0
2020/02/12,NG,NG,0,0.00,0,0.00,0,0.00,0,0.00,0.0
2020/02/13,NG,NG,0,0.00,0,0.00,0,0.00,0,0.00,0.0
2020/02/14,NG,NG,0,0.00,0,0.00,0,0.00,0,0.00,0.0
2020/02/15,NG,NG,0,0.00,0,0.00,0,0.00,0,0.00,0.0
2020/02/16,NG,NG,0,0.00,0,0.00,0,0.00,0,0.00,0.0
2020/02/17,NG,NG,0,0.00,0,0.00,0,0.00,0,0.00,0.0
2020/02/18,NG,NG,0,0.00,0,0.00,0,0.00,0,0.00,0.0
2020/02/19,NG,NG,0,0.00,0,0.00,0,0.00,0,0.00,0.0
2020/02/20,NG,NG,0,0.00,0,0.00,0,0.00,0,0.00,0.0
2020/02/21,NG,NG,0,0.00,0,0.00,0,0.00,0,0.00,0.0
2020/02/22,1.88,13.21,0,0.14,0,0.14,0,0.00,0,0.00,0.0
2020/02/23,1.96,11.89,0,0.29,0,0.14,0,0.00,0,0.00,0.0
2020/02/24,1.98,11.59,0,0.43,0,0.14,0,0.00,0,0.00,0.0
2020/02/25,1.90,12.85,1,0.57,1,0.14,0,0.00,0,0.00,0.0
2020/02/26,1.87,13.39,1,0.71,0,0.14,0,0.00,0,0.00,0.0
2020/02/27,1.83,14.17,1,0.86,0,0.14,0,0.00,0,0.00,0.0
2020/02/28,2.00,11.31,1,1.29,0,0.43,0,0.00,0,0.00,0.0
2020/02/29,2.21,8.98,1,1.86,0,0.57,0,0.00,0,0.00,0.0
2020/03/01,2.94,5.21,1,3.43,0,1.57,0,0.00,0,0.00,0.0
2020/03/02,3.56,3.91,3,5.00,2,1.57,0,0.00,0,0.00,0.0
2020/03/03,4.62,2.86,5,7.29,2,2.29,0,0.00,0,0.00,0.0
2020/03/04,5.35,2.48,12,9.57,7,2.29,0,0.00,0,0.00,0.0
2020/03/05,5.84,2.30,12,12.14,0,2.57,0,0.00,0,0.00,0.0
2020/03/06,6.00,2.24,17,14.57,5,2.43,0,0.00,0,0.00,0.0
2020/03/07,5.83,2.30,17,16.71,0,2.14,0,0.00,0,0.00,0.0
2020/03/08,5.11,2.58,19,17.86,2,1.14,0,0.00,0,0.00,0.0
2020/03/09,4.68,2.82,20,19.57,1,1.71,0,0.14,0,0.14,0.0031991635375610023
2020/03/10,4.31,3.08,20,20.86,0,1.29,0,0.43,0,0.29,0.009826002293937363
2020/03/11,4.04,3.32,20,23.71,0,2.86,0,0.86,0,0.43,0.019652004587874725
2020/03/12,3.78,3.61,24,27.86,4,4.14,1,1.43,1,0.57,0.03267717041937309
2020/03/13,3.60,3.85,26,32.71,2,4.86,2,2.00,1,0.57,0.04570233625087145
2020/03/14,3.48,4.03,37,38.43,11,5.71,3,2.57,1,0.57,0.05872750208236981
2020/03/15,3.46,4.06,48,46.14,11,7.71,4,3.57,1,1.00,0.08157867020780554
2020/03/16,3.42,4.13,54,55.14,6,9.00,4,4.71,0,1.14,0.10762900187080228
2020/03/17,3.35,4.26,60,64.29,6,9.14,4,6.00,0,1.29,0.13710700875261436
2020/03/18,3.48,4.03,74,78.86,14,14.57,7,7.71,3,1.71,0.17618250624710946
2020/03/19,3.79,3.60,87,100.71,13,21.86,9,9.57,2,1.86,0.2186856789604199
2020/03/20,4.08,3.28,90,125.86,3,25.14,11,11.43,2,1.86,0.26118885167373035
2020/03/21,4.31,3.08,139,155.00,49,29.14,15,13.57,4,2.14,0.31009035146216285
2020/03/22,4.47,2.96,201,187.57,62,32.57,17,15.57,2,2.00,0.3557926877130343
2020/03/23,4.67,2.83,230,227.57,29,40.00,17,17.86,0,2.29,0.40812186272028206
2020/03/24,4.79,2.75,264,273.14,34,45.57,19,20.00,2,2.14,0.45702336250871456
2020/03/25,4.84,2.73,302,318.14,38,45.00,21,22.00,2,2.00,0.502725698759586
2020/03/26,4.87,2.71,367,362.43,65,44.29,25,24.00,4,2.00,0.5484280350104574
2020/03/27,4.94,2.67,409,413.00,42,50.57,26,26.57,1,2.57,0.6071555370928273
2020/03/28,5.22,2.53,454,477.57,45,64.57,29,30.14,3,3.57,0.6887342073006328
2020/03/29,5.64,2.36,511,555.43,57,77.86,31,35.43,2,5.29,0.8096168866841879
2020/03/30,6.19,2.19,584,643.86,73,88.43,35,44.14,4,8.71,1.0086505610567331
2020/03/31,7.07,1.99,716,752.71,132,108.86,44,55.43,9,11.29,1.2666402491929023
2020/04/01,8.11,1.82,847,866.57,131,113.86,58,69.86,14,14.43,1.59638260524294
2020/04/02,9.23,1.69,986,982.14,139,115.57,86,87.14,28,17.29,1.9912507904504693
2020/04/03,10.61,1.58,1171,1102.00,185,119.86,105,106.86,19,19.71,2.4418758258840616
2020/04/04,11.76,1.51,1251,1209.43,80,107.43,130,128.14,25,21.29,2.9281486835933337
2020/04/05,12.92,1.46,1320,1313.00,69,103.57,152,149.14,22,21.00,3.408023214227484
2020/04/06,13.94,1.42,1423,1410.14,103,97.14,173,170.43,21,21.29,3.8945245836180113
2020/04/07,14.44,1.40,1468,1494.43,45,84.29,193,192.00,20,21.57,4.38742428008366
2020/04/08,14.71,1.39,1572,1576.43,104,82.00,205,212.71,12,20.71,4.860671971961434
2020/04/09,15.02,1.38,1666,1661.29,94,84.86,235,232.86,30,20.14,5.3211230096889635
2020/04/10,15.13,1.38,1761,1741.29,95,80.00,256,252.86,21,20.00,5.7781463721976785
2020/04/11,15.37,1.37,1825,1827.29,64,86.00,275,271.86,19,19.00,6.212318566580957
2020/04/12,15.52,1.37,1914,1911.29,89,84.00,293,290.57,18,18.71,6.6398639222078595
2020/04/13,15.75,1.36,1983,1997.29,69,86.00,313,306.71,20,16.14,7.008681775752391
2020/04/14,16.24,1.35,2070,2091.14,87,93.86,326,322.14,13,15.43,7.361275299927865
2020/04/15,16.88,1.33,2160,2192.43,90,101.29,336,335.29,10,13.14,7.661768160777346
2020/04/16,17.45,1.32,2268,2294.57,108,102.14,348,347.00,12,11.71,7.9293553395261975
2020/04/17,17.95,1.31,2418,2399.57,150,105.00,364,357.14,16,10.14,8.161066184318116
2020/04/18,18.34,1.30,2534,2505.43,116,105.86,367,366.57,3,9.43,8.376552699740975
2020/04/19,18.46,1.30,2629,2612.57,95,107.14,375,376.00,8,9.43,8.592039215163833
2020/04/20,18.35,1.30,2718,2718.14,89,105.57,384,384.43,9,8.43,8.784674562461257
2020/04/21,18.08,1.31,2811,2819.43,93,101.29,392,391.71,8,7.29,8.951031066414428
2020/04/22,17.84,1.31,2910,2922.57,99,103.14,402,399.14,10,7.43,9.120815245586416
2020/04/23,17.60,1.32,3007,3030.14,97,107.57,407,406.29,5,7.14,9.284201097683281
2020/04/24,17.43,1.32,3127,3144.29,120,114.14,415,413.14,8,6.86,9.440731599342516
2020/04/25,17.26,1.32,3256,3264.00,129,119.71,419,419.57,4,6.43,9.587664610389067
2020/04/26,17.45,1.32,3382,3398.00,126,134.00,425,425.57,6,6.00,9.724771619141682
2020/04/27,17.73,1.31,3517,3540.71,135,142.71,432,431.71,7,6.14,9.865077791431858
2020/04/28,17.99,1.31,3649,3687.43,132,146.71,437,437.14,5,5.43,9.989159634352973
2020/04/29,18.18,1.31,3848,3835.86,199,148.43,444,442.86,7,5.71,10.119868316030466
2020/04/30,18.51,1.30,4006,3991.86,158,156.00,450,448.29,6,5.43,10.243950158951582
2020/05/01,18.95,1.29,4154,4153.43,148,161.57,453,453.00,3,4.71,10.351579160822384
2020/05/02,19.55,1.28,4295,4323.29,141,169.86,459,457.71,6,4.71,10.459208162693187
2020/05/03,19.99,1.27,4474,4487.43,179,164.14,463,462.29,4,4.57,10.563866512707683
2020/05/04,20.47,1.27,4648,4655.43,174,168.00,465,467.00,2,4.71,10.671495514578485
2020/05/05,21.06,1.26,4838,4829.00,190,173.57,470,472.00,5,5.00,10.785751355205663
2020/05/06,21.76,1.25,4997,5009.43,159,180.43,476,477.00,6,5.00,10.900007195832842
2020/05/07,22.35,1.24,5182,5187.86,185,178.43,483,482.57,7,5.57,11.027288202291519
2020/05/08,22.88,1.24,5369,5365.43,187,177.57,488,488.57,5,6.00,11.164395211044134
2020/05/09,23.36,1.23,5558,5541.00,189,175.57,494,495.00,6,6.43,11.311328222090685
2020/05/10,23.96,1.22,5723,5720.43,165,179.43,502,501.57,8,6.57,11.461460396674797
2020/05/11,24.58,1.22,5891,5900.43,168,180.00,507,508.14,5,6.57,11.61159257125891
2020/05/12,25.19,1.21,6067,6080.43,176,180.00,515,515.00,8,6.86,11.7683515845994
2020/05/13,25.79,1.21,6253,6260.86,186,180.43,522,521.86,7,6.86,11.92511059793989
2020/05/14,26.51,1.20,6442,6446.00,189,185.14,529,528.43,7,6.57,12.075242772524
2020/05/15,27.23,1.20,6629,6633.14,187,187.14,536,535.29,7,6.86,12.23200178586449
2020/05/16,27.91,1.19,6821,6820.29,192,187.14,542,541.86,6,6.57,12.382133960448604
2020/05/17,28.53,1.19,7019,7004.43,198,184.14,548,548.43,6,6.57,12.532266135032716
2020/05/18,29.26,1.18,7201,7188.14,182,183.71,555,555.00,7,6.57,12.68239830961683
2020/05/19,30.18,1.17,7377,7372.29,176,184.14,561,561.57,6,6.57,12.832530484200943
2020/05/20,31.32,1.17,7542,7556.86,165,184.57,568,568.71,7,7.14,12.995687824616553
