Date,Td,R0,Cases(Tot.),Cases(7Ave.),Cases(Day),Cases(7Ave.Day),Deaths(Tot.),Death(7Ave.),Death(Day),Death(7Ave.Day),Death/Mil.pop(7Ave.Day)
2020/01/27,NG,NG,0,0.00,0,0.00,0,0.00,0,0.00,0.0
2020/01/28,NG,NG,0,0.00,0,0.00,0,0.00,0,0.00,0.0
2020/01/29,NG,NG,0,0.00,0,0.00,0,0.00,0,0.00,0.0
2020/01/30,NG,NG,0,0.00,0,0.00,0,0.00,0,0.00,0.0
2020/01/31,NG,NG,0,0.00,0,0.00,0,0.00,0,0.00,0.0
2020/02/01,NG,NG,0,0.00,0,0.00,0,0.00,0,0.00,0.0
2020/02/02,NG,NG,0,0.00,0,0.00,0,0.00,0,0.00,0.0
2020/02/03,NG,NG,0,0.00,0,0.00,0,0.00,0,0.00,0.0
2020/02/04,NG,NG,0,0.00,0,0.00,0,0.00,0,0.00,0.0
2020/02/05,NG,NG,0,0.00,0,0.00,0,0.00,0,0.00,0.0
2020/02/06,NG,NG,0,0.00,0,0.00,0,0.00,0,0.00,0.0
2020/02/07,NG,NG,0,0.00,0,0.00,0,0.00,0,0.00,0.0
2020/02/08,NG,NG,0,0.00,0,0.00,0,0.00,0,0.00,0.0
2020/02/09,NG,NG,0,0.00,0,0.00,0,0.00,0,0.00,0.0
2020/02/10,NG,NG,0,0.00,0,0.00,0,0.00,0,0.00,0.0
2020/02/11,NG,NG,0,0.00,0,0.00,0,0.00,0,0.00,0.0
2020/02/12,NG,NG,0,0.00,0,0.00,0,0.00,0,0.00,0.0
2020/02/13,NG,NG,0,0.00,0,0.00,0,0.00,0,0.00,0.0
2020/02/14,NG,NG,0,0.00,0,0.00,0,0.00,0,0.00,0.0
2020/02/15,NG,NG,0,0.00,0,0.00,0,0.00,0,0.00,0.0
2020/02/16,NG,NG,0,0.00,0,0.00,0,0.00,0,0.00,0.0
2020/02/17,NG,NG,0,0.00,0,0.00,0,0.00,0,0.00,0.0
2020/02/18,NG,NG,0,0.00,0,0.00,0,0.00,0,0.00,0.0
2020/02/19,NG,NG,0,0.00,0,0.00,0,0.00,0,0.00,0.0
2020/02/20,NG,NG,0,0.00,0,0.00,0,0.00,0,0.00,0.0
2020/02/21,NG,NG,0,0.00,0,0.00,0,0.00,0,0.00,0.0
2020/02/22,NG,NG,0,0.00,0,0.00,0,0.00,0,0.00,0.0
2020/02/23,NG,NG,0,0.00,0,0.00,0,0.00,0,0.00,0.0
2020/02/24,NG,NG,0,0.00,0,0.00,0,0.00,0,0.00,0.0
2020/02/25,NG,NG,0,0.00,0,0.00,0,0.00,0,0.00,0.0
2020/02/26,NG,NG,0,0.00,0,0.00,0,0.00,0,0.00,0.0
2020/02/27,NG,NG,0,0.00,0,0.00,0,0.00,0,0.00,0.0
2020/02/28,NG,NG,0,0.00,0,0.00,0,0.00,0,0.00,0.0
2020/02/29,NG,NG,0,0.00,0,0.00,0,0.00,0,0.00,0.0
2020/03/01,NG,NG,0,0.00,0,0.00,0,0.00,0,0.00,0.0
2020/03/02,NG,NG,0,0.00,0,0.00,0,0.00,0,0.00,0.0
2020/03/03,NG,NG,0,0.00,0,0.00,0,0.00,0,0.00,0.0
2020/03/04,NG,NG,0,0.00,0,0.00,0,0.00,0,0.00,0.0
2020/03/05,NG,NG,0,0.00,0,0.00,0,0.00,0,0.00,0.0
2020/03/06,NG,NG,0,0.00,0,0.00,0,0.00,0,0.00,0.0
2020/03/07,NG,NG,0,0.00,0,0.00,0,0.00,0,0.00,0.0
2020/03/08,NG,NG,0,0.00,0,0.00,0,0.00,0,0.00,0.0
2020/03/09,NG,NG,0,0.00,0,0.00,0,0.00,0,0.00,0.0
2020/03/10,2.47,7.13,0,0.14,0,0.14,0,0.00,0,0.00,0.0
2020/03/11,3.92,3.45,0,0.29,0,0.14,0,0.00,0,0.00,0.0
2020/03/12,5.75,2.33,0,0.43,0,0.14,0,0.00,0,0.00,0.0
2020/03/13,5.94,2.26,1,0.57,1,0.14,0,0.00,0,0.00,0.0
2020/03/14,6.11,2.21,1,0.71,0,0.14,0,0.00,0,0.00,0.0
2020/03/15,6.29,2.16,1,0.86,0,0.14,0,0.00,0,0.00,0.0
2020/03/16,4.87,2.71,1,1.00,0,0.14,0,0.00,0,0.00,0.0
2020/03/17,3.81,3.57,1,1.00,0,0.00,0,0.00,0,0.00,0.0
2020/03/18,3.26,4.43,1,1.00,0,0.00,0,0.00,0,0.00,0.0
2020/03/19,2.91,5.30,1,1.00,0,0.00,0,0.00,0,0.00,0.0
2020/03/20,3.21,4.53,1,1.29,0,0.29,0,0.00,0,0.00,0.0
2020/03/21,3.44,4.10,1,1.57,0,0.29,0,0.00,0,0.00,0.0
2020/03/22,3.66,3.76,1,1.86,0,0.29,0,0.00,0,0.00,0.0
2020/03/23,4.90,2.69,3,2.71,2,0.86,0,0.00,0,0.00,0.0
2020/03/24,5.65,2.36,3,3.57,0,0.86,0,0.00,0,0.00,0.0
2020/03/25,6.30,2.16,3,4.43,0,0.86,0,0.00,0,0.00,0.0
2020/03/26,6.88,2.02,7,5.29,4,0.86,0,0.00,0,0.00,0.0
2020/03/27,6.88,2.02,7,5.86,0,0.57,0,0.00,0,0.00,0.0
2020/03/28,6.50,2.11,7,6.43,0,0.57,0,0.00,0,0.00,0.0
2020/03/29,6.21,2.18,7,7.00,0,0.57,0,0.00,0,0.00,0.0
2020/03/30,5.85,2.29,7,7.29,0,0.29,0,0.00,0,0.00,0.0
2020/03/31,6.75,2.05,7,8.43,0,1.14,0,0.00,0,0.00,0.0
2020/04/01,7.59,1.90,7,9.57,0,1.14,0,0.00,0,0.00,0.0
2020/04/02,8.46,1.77,9,10.71,2,1.14,0,0.00,0,0.00,0.0
2020/04/03,9.16,1.70,15,11.86,6,1.14,0,0.00,0,0.00,0.0
2020/04/04,11.48,1.53,15,13.57,0,1.71,0,0.14,0,0.14,1.4308783548987145
2020/04/05,14.66,1.39,15,15.29,0,1.71,0,0.43,0,0.29,4.394840661474622
2020/04/06,18.06,1.31,15,16.71,0,1.43,0,0.71,0,0.29,7.256597371272051
2020/04/07,18.64,1.30,19,17.29,4,0.57,1,1.00,1,0.29,10.220559677847959
2020/04/08,21.59,1.25,19,18.14,0,0.86,2,1.29,1,0.29,13.184521984423867
2020/04/09,25.40,1.21,19,19.00,0,0.86,2,1.57,0,0.29,16.046278694221296
2020/04/10,36.54,1.14,19,20.14,0,1.14,2,1.86,0,0.29,19.010241000797205
2020/04/11,46.26,1.11,21,20.71,2,0.57,2,2.00,0,0.14,20.441119355695918
2020/04/12,58.23,1.09,21,21.29,0,0.57,2,2.00,0,0.00,20.441119355695918
2020/04/13,76.57,1.07,23,21.86,2,0.57,2,2.14,0,0.14,21.871997710594634
2020/04/14,111.24,1.04,23,22.43,0,0.57,2,2.29,0,0.14,23.405081662271826
2020/04/15,130.54,1.04,23,22.71,0,0.29,2,2.43,0,0.14,24.835960017170542
2020/04/16,159.59,1.03,23,23.00,0,0.29,3,2.57,1,0.14,26.26683837206925
2020/04/17,132.17,1.04,23,23.00,0,0.00,3,2.71,0,0.14,27.69771672696797
2020/04/18,114.01,1.04,23,23.00,0,0.00,3,2.86,0,0.14,29.230800678645164
2020/04/19,132.96,1.04,23,23.14,0,0.14,3,3.00,0,0.14,30.661679033543876
2020/04/20,161.57,1.03,23,23.29,0,0.14,3,3.00,0,0.00,30.661679033543876
2020/04/21,162.53,1.03,23,23.43,0,0.14,3,3.00,0,0.00,30.661679033543876
2020/04/22,161.25,1.03,24,23.57,1,0.14,3,3.00,0,0.00,30.661679033543876
2020/04/23,162.19,1.03,24,23.71,0,0.14,3,3.00,0,0.00,30.661679033543876
2020/04/24,165.47,1.03,24,23.86,0,0.14,3,3.00,0,0.00,30.661679033543876
2020/04/25,166.43,1.03,24,24.00,0,0.14,3,3.00,0,0.00,30.661679033543876
2020/04/26,137.82,1.04,24,24.00,0,0.00,3,3.00,0,0.00,30.661679033543876
2020/04/27,118.86,1.04,24,24.00,0,0.00,3,3.00,0,0.00,30.661679033543876
2020/04/28,138.61,1.04,24,24.14,0,0.14,3,3.00,0,0.00,30.661679033543876
2020/04/29,168.41,1.03,24,24.29,0,0.14,3,3.00,0,0.00,30.661679033543876
2020/04/30,210.37,1.02,24,24.43,0,0.14,3,3.00,0,0.00,30.661679033543876
2020/05/01,279.66,1.02,25,24.57,1,0.14,3,3.00,0,0.00,30.661679033543876
2020/05/02,415.85,1.01,25,24.71,0,0.14,3,3.00,0,0.00,30.661679033543876
2020/05/03,864.01,1.01,25,24.86,0,0.14,3,3.00,0,0.00,30.661679033543876
2020/05/04,NG,NG,25,25.00,0,0.14,3,3.00,0,0.00,30.661679033543876
2020/05/05,NG,NG,25,25.00,0,0.00,3,3.00,0,0.00,30.661679033543876
2020/05/06,NG,NG,25,25.00,0,0.00,3,3.00,0,0.00,30.661679033543876
2020/05/07,NG,NG,25,25.00,0,0.00,3,3.00,0,0.00,30.661679033543876
2020/05/08,NG,NG,25,25.00,0,0.00,3,3.00,0,0.00,30.661679033543876
2020/05/09,NG,NG,25,25.00,0,0.00,3,3.00,0,0.00,30.661679033543876
2020/05/10,NG,NG,25,25.00,0,0.00,3,3.00,0,0.00,30.661679033543876
2020/05/11,NG,NG,25,25.00,0,0.00,3,3.00,0,0.00,30.661679033543876
2020/05/12,NG,NG,25,25.00,0,0.00,3,3.00,0,0.00,30.661679033543876
2020/05/13,NG,NG,25,25.00,0,0.00,3,3.00,0,0.00,30.661679033543876
2020/05/14,NG,NG,25,25.00,0,0.00,3,3.00,0,0.00,30.661679033543876
2020/05/15,NG,NG,25,25.00,0,0.00,3,3.00,0,0.00,30.661679033543876
2020/05/16,NG,NG,25,25.00,0,0.00,3,3.00,0,0.00,30.661679033543876
2020/05/17,NG,NG,25,25.00,0,0.00,3,3.00,0,0.00,30.661679033543876
2020/05/18,NG,NG,25,25.00,0,0.00,3,3.00,0,0.00,30.661679033543876
2020/05/19,NG,NG,25,25.00,0,0.00,3,3.00,0,0.00,30.661679033543876
2020/05/20,NG,NG,25,25.00,0,0.00,3,3.00,0,0.00,30.661679033543876
