Date,Td,R0,Cases(Tot.),Cases(7Ave.),Cases(Day),Cases(7Ave.Day),Deaths(Tot.),Death(7Ave.),Death(Day),Death(7Ave.Day),Death/Mil.pop(7Ave.Day)
2020/01/27,NG,NG,0,0.00,0,0.00,0,0.00,0,0.00,0.0
2020/01/28,NG,NG,0,0.00,0,0.00,0,0.00,0,0.00,0.0
2020/01/29,NG,NG,0,0.00,0,0.00,0,0.00,0,0.00,0.0
2020/01/30,NG,NG,0,0.00,0,0.00,0,0.00,0,0.00,0.0
2020/01/31,NG,NG,0,0.00,0,0.00,0,0.00,0,0.00,0.0
2020/02/01,NG,NG,0,0.00,0,0.00,0,0.00,0,0.00,0.0
2020/02/02,NG,NG,0,0.00,0,0.00,0,0.00,0,0.00,0.0
2020/02/03,NG,NG,0,0.00,0,0.00,0,0.00,0,0.00,0.0
2020/02/04,NG,NG,0,0.00,0,0.00,0,0.00,0,0.00,0.0
2020/02/05,NG,NG,0,0.00,0,0.00,0,0.00,0,0.00,0.0
2020/02/06,NG,NG,0,0.00,0,0.00,0,0.00,0,0.00,0.0
2020/02/07,NG,NG,0,0.00,0,0.00,0,0.00,0,0.00,0.0
2020/02/08,NG,NG,0,0.00,0,0.00,0,0.00,0,0.00,0.0
2020/02/09,NG,NG,0,0.00,0,0.00,0,0.00,0,0.00,0.0
2020/02/10,NG,NG,0,0.00,0,0.00,0,0.00,0,0.00,0.0
2020/02/11,NG,NG,0,0.00,0,0.00,0,0.00,0,0.00,0.0
2020/02/12,NG,NG,0,0.00,0,0.00,0,0.00,0,0.00,0.0
2020/02/13,NG,NG,0,0.00,0,0.00,0,0.00,0,0.00,0.0
2020/02/14,NG,NG,0,0.00,0,0.00,0,0.00,0,0.00,0.0
2020/02/15,NG,NG,0,0.00,0,0.00,0,0.00,0,0.00,0.0
2020/02/16,NG,NG,0,0.00,0,0.00,0,0.00,0,0.00,0.0
2020/02/17,NG,NG,0,0.00,0,0.00,0,0.00,0,0.00,0.0
2020/02/18,NG,NG,0,0.00,0,0.00,0,0.00,0,0.00,0.0
2020/02/19,NG,NG,0,0.00,0,0.00,0,0.00,0,0.00,0.0
2020/02/20,NG,NG,0,0.00,0,0.00,0,0.00,0,0.00,0.0
2020/02/21,NG,NG,0,0.00,0,0.00,0,0.00,0,0.00,0.0
2020/02/22,NG,NG,0,0.00,0,0.00,0,0.00,0,0.00,0.0
2020/02/23,NG,NG,0,0.00,0,0.00,0,0.00,0,0.00,0.0
2020/02/24,NG,NG,0,0.00,0,0.00,0,0.00,0,0.00,0.0
2020/02/25,NG,NG,0,0.00,0,0.00,0,0.00,0,0.00,0.0
2020/02/26,NG,NG,0,0.00,0,0.00,0,0.00,0,0.00,0.0
2020/02/27,NG,NG,0,0.00,0,0.00,0,0.00,0,0.00,0.0
2020/02/28,NG,NG,0,0.00,0,0.00,0,0.00,0,0.00,0.0
2020/02/29,NG,NG,0,0.00,0,0.00,0,0.00,0,0.00,0.0
2020/03/01,NG,NG,0,0.00,0,0.00,0,0.00,0,0.00,0.0
2020/03/02,NG,NG,0,0.00,0,0.00,0,0.00,0,0.00,0.0
2020/03/03,NG,NG,0,0.00,0,0.00,0,0.00,0,0.00,0.0
2020/03/04,NG,NG,0,0.00,0,0.00,0,0.00,0,0.00,0.0
2020/03/05,NG,NG,0,0.00,0,0.00,0,0.00,0,0.00,0.0
2020/03/06,NG,NG,0,0.00,0,0.00,0,0.00,0,0.00,0.0
2020/03/07,NG,NG,0,0.00,0,0.00,0,0.00,0,0.00,0.0
2020/03/08,NG,NG,0,0.00,0,0.00,0,0.00,0,0.00,0.0
2020/03/09,NG,NG,0,0.00,0,0.00,0,0.00,0,0.00,0.0
2020/03/10,NG,NG,0,0.00,0,0.00,0,0.00,0,0.00,0.0
2020/03/11,NG,NG,0,0.00,0,0.00,0,0.00,0,0.00,0.0
2020/03/12,NG,NG,0,0.00,0,0.00,0,0.00,0,0.00,0.0
2020/03/13,1.61,20.36,0,0.14,0,0.14,0,0.00,0,0.00,0.0
2020/03/14,1.96,11.89,0,0.29,0,0.14,0,0.00,0,0.00,0.0
2020/03/15,2.18,9.26,0,0.43,0,0.14,0,0.00,0,0.00,0.0
2020/03/16,2.80,5.66,1,0.86,1,0.43,0,0.00,0,0.00,0.0
2020/03/17,3.21,4.53,1,1.29,0,0.43,0,0.00,0,0.00,0.0
2020/03/18,3.78,3.61,1,1.86,0,0.57,0,0.00,0,0.00,0.0
2020/03/19,4.20,3.17,3,2.43,2,0.57,0,0.00,0,0.00,0.0
2020/03/20,4.18,3.19,3,2.86,0,0.43,0,0.00,0,0.00,0.0
2020/03/21,4.36,3.04,4,3.43,1,0.57,0,0.00,0,0.00,0.0
2020/03/22,4.20,3.17,4,4.00,0,0.57,0,0.00,0,0.00,0.0
2020/03/23,4.34,3.06,4,4.86,0,0.86,0,0.00,0,0.00,0.0
2020/03/24,4.59,2.88,5,5.86,1,1.00,0,0.00,0,0.00,0.0
2020/03/25,4.56,2.90,5,6.71,0,0.86,0,0.00,0,0.00,0.0
2020/03/26,4.66,2.83,9,7.71,4,1.00,0,0.00,0,0.00,0.0
2020/03/27,5.03,2.62,10,9.14,1,1.43,0,0.00,0,0.00,0.0
2020/03/28,5.16,2.56,10,10.43,0,1.29,0,0.00,0,0.00,0.0
2020/03/29,5.78,2.32,11,12.71,1,2.29,0,0.14,0,0.14,0.3563828162388376
2020/03/30,6.36,2.14,14,14.86,3,2.14,0,0.29,0,0.14,0.7382215479233063
2020/03/31,6.80,2.04,14,16.86,0,2.00,0,0.43,0,0.14,1.094604364162144
2020/04/01,7.53,1.90,21,19.43,7,2.57,1,1.00,1,0.57,2.5455915445631256
2020/04/02,8.18,1.81,24,21.86,3,2.43,1,1.57,0,0.57,3.996578724964107
2020/04/03,8.62,1.76,24,24.00,0,2.14,1,2.29,0,0.71,5.829404637049557
2020/04/04,9.53,1.66,28,26.71,4,2.71,4,3.14,3,0.86,7.993157449928214
2020/04/05,11.02,1.55,28,29.43,0,2.71,4,4.00,0,0.86,10.182366178252503
2020/04/06,12.19,1.49,29,31.86,1,2.43,5,5.00,1,1.00,12.727957722815628
2020/04/07,13.64,1.43,33,34.43,4,2.57,6,6.00,1,1.00,15.273549267378753
2020/04/08,15.67,1.36,40,37.00,7,2.57,7,6.57,1,0.57,16.724536447779734
2020/04/09,18.13,1.31,41,39.57,1,2.57,8,7.14,1,0.57,18.175523628180716
2020/04/10,20.22,1.27,42,42.14,1,2.57,8,7.57,0,0.43,19.27012799234286
2020/04/11,21.19,1.26,46,44.43,4,2.29,8,7.86,0,0.29,20.008349540266167
2020/04/12,20.17,1.27,46,45.71,0,1.29,8,8.00,0,0.14,20.364732356505005
2020/04/13,19.46,1.28,47,47.43,1,1.71,8,8.00,0,0.00,20.364732356505005
2020/04/14,18.85,1.29,49,49.14,2,1.71,8,8.14,0,0.14,20.721115172743843
2020/04/15,17.20,1.33,49,50.43,0,1.29,8,8.29,0,0.14,21.102953904428308
2020/04/16,15.70,1.36,53,51.71,4,1.29,8,8.43,0,0.14,21.459336720667146
2020/04/17,15.48,1.37,54,53.57,1,1.86,9,8.57,1,0.14,21.815719536905984
2020/04/18,16.15,1.35,55,55.86,1,2.29,9,8.71,0,0.14,22.172102353144826
2020/04/19,16.83,1.33,55,58.14,0,2.29,9,8.86,0,0.14,22.55394108482929
2020/04/20,18.73,1.30,60,60.86,5,2.71,9,9.29,0,0.43,23.648545448991435
2020/04/21,21.11,1.26,65,63.57,5,2.71,9,9.57,0,0.29,24.36131108146911
2020/04/22,25.77,1.21,65,66.86,0,3.29,9,9.86,0,0.29,25.099532629392417
2020/04/23,34.28,1.15,72,70.43,7,3.57,11,10.14,2,0.29,25.812298261870094
2020/04/24,45.33,1.11,73,73.29,1,2.86,11,10.43,0,0.29,26.550519809793396
2020/04/25,51.65,1.10,78,75.43,5,2.14,11,10.71,0,0.29,27.263285442271076
2020/04/26,56.16,1.09,80,77.57,2,2.14,11,11.00,0,0.29,28.00150699019438
2020/04/27,54.95,1.09,80,78.86,0,1.29,11,11.00,0,0.00,28.00150699019438
2020/04/28,52.73,1.10,80,80.00,0,1.14,11,11.00,0,0.00,28.00150699019438
2020/04/29,49.63,1.10,80,80.71,0,0.71,11,11.00,0,0.00,28.00150699019438
2020/04/30,45.41,1.11,81,81.14,1,0.43,11,11.00,0,0.00,28.00150699019438
2020/05/01,41.41,1.12,81,81.57,0,0.43,11,11.00,0,0.00,28.00150699019438
2020/05/02,45.02,1.11,83,82.86,2,1.29,11,11.00,0,0.00,28.00150699019438
2020/05/03,53.68,1.09,83,84.57,0,1.71,11,11.00,0,0.00,28.00150699019438
2020/05/04,62.10,1.08,83,86.14,0,1.57,11,11.00,0,0.00,28.00150699019438
2020/05/05,73.33,1.07,89,87.71,6,1.57,11,11.00,0,0.00,28.00150699019438
2020/05/06,84.03,1.06,92,89.00,3,1.29,11,11.00,0,0.00,28.00150699019438
2020/05/07,98.27,1.05,92,90.29,0,1.29,11,11.00,0,0.00,28.00150699019438
2020/05/08,126.71,1.04,92,91.71,0,1.43,11,11.00,0,0.00,28.00150699019438
2020/05/09,133.35,1.04,92,92.29,0,0.57,11,11.00,0,0.00,28.00150699019438
2020/05/10,128.22,1.04,92,92.57,0,0.29,11,11.00,0,0.00,28.00150699019438
2020/05/11,145.88,1.03,93,93.14,1,0.57,11,11.00,0,0.00,28.00150699019438
2020/05/12,169.58,1.03,93,93.71,0,0.57,11,11.00,0,0.00,28.00150699019438
2020/05/13,171.23,1.03,94,94.29,1,0.57,11,11.00,0,0.00,28.00150699019438
2020/05/14,172.25,1.03,96,94.86,2,0.57,11,11.00,0,0.00,28.00150699019438
2020/05/15,164.64,1.03,96,95.29,0,0.43,11,11.00,0,0.00,28.00150699019438
2020/05/16,157.21,1.03,96,95.71,0,0.43,11,11.00,0,0.00,28.00150699019438
2020/05/17,157.90,1.03,96,96.14,0,0.43,11,11.00,0,0.00,28.00150699019438
2020/05/18,139.02,1.04,96,96.29,0,0.14,11,11.00,0,0.00,28.00150699019438
2020/05/19,119.38,1.04,96,96.43,0,0.14,11,11.00,0,0.00,28.00150699019438
2020/05/20,129.27,1.04,97,97.00,1,0.57,11,11.00,0,0.00,28.00150699019438
2020/05/21,140.43,1.04,97,97.57,0,0.57,11,11.00,0,0.00,28.00150699019438
2020/05/22,153.58,1.03,97,98.14,0,0.57,11,11.00,0,0.00,28.00150699019438
2020/05/23,169.88,1.03,100,98.71,3,0.57,11,11.00,0,0.00,28.00150699019438
2020/05/24,179.26,1.03,100,99.14,0,0.43,11,11.00,0,0.00,28.00150699019438
2020/05/25,213.68,1.02,100,99.71,0,0.57,11,11.00,0,0.00,28.00150699019438
2020/05/26,312.80,1.02,100,100.43,0,0.71,11,11.00,0,0.00,28.00150699019438
