Date,Td,R0,Cases(Tot.),Cases(7Ave.),Cases(Day),Cases(7Ave.Day),Deaths(Tot.),Death(7Ave.),Death(Day),Death(7Ave.Day),Death/Mil.pop(7Ave.Day)
2020/01/27,NG,NG,0,0.00,0,0.00,0,0.00,0,0.00,0.0
2020/01/28,NG,NG,0,0.00,0,0.00,0,0.00,0,0.00,0.0
2020/01/29,NG,NG,0,0.00,0,0.00,0,0.00,0,0.00,0.0
2020/01/30,NG,NG,0,0.00,0,0.00,0,0.00,0,0.00,0.0
2020/01/31,NG,NG,0,0.00,0,0.00,0,0.00,0,0.00,0.0
2020/02/01,NG,NG,0,0.00,0,0.00,0,0.00,0,0.00,0.0
2020/02/02,NG,NG,0,0.00,0,0.00,0,0.00,0,0.00,0.0
2020/02/03,NG,NG,0,0.00,0,0.00,0,0.00,0,0.00,0.0
2020/02/04,NG,NG,0,0.00,0,0.00,0,0.00,0,0.00,0.0
2020/02/05,NG,NG,0,0.00,0,0.00,0,0.00,0,0.00,0.0
2020/02/06,NG,NG,0,0.00,0,0.00,0,0.00,0,0.00,0.0
2020/02/07,NG,NG,0,0.00,0,0.00,0,0.00,0,0.00,0.0
2020/02/08,NG,NG,0,0.00,0,0.00,0,0.00,0,0.00,0.0
2020/02/09,NG,NG,0,0.00,0,0.00,0,0.00,0,0.00,0.0
2020/02/10,NG,NG,0,0.00,0,0.00,0,0.00,0,0.00,0.0
2020/02/11,NG,NG,0,0.00,0,0.00,0,0.00,0,0.00,0.0
2020/02/12,NG,NG,0,0.00,0,0.00,0,0.00,0,0.00,0.0
2020/02/13,NG,NG,0,0.00,0,0.00,0,0.00,0,0.00,0.0
2020/02/14,NG,NG,0,0.00,0,0.00,0,0.00,0,0.00,0.0
2020/02/15,NG,NG,0,0.00,0,0.00,0,0.00,0,0.00,0.0
2020/02/16,NG,NG,0,0.00,0,0.00,0,0.00,0,0.00,0.0
2020/02/17,NG,NG,0,0.00,0,0.00,0,0.00,0,0.00,0.0
2020/02/18,NG,NG,0,0.00,0,0.00,0,0.00,0,0.00,0.0
2020/02/19,NG,NG,0,0.00,0,0.00,0,0.00,0,0.00,0.0
2020/02/20,NG,NG,0,0.00,0,0.00,0,0.00,0,0.00,0.0
2020/02/21,NG,NG,0,0.00,0,0.00,0,0.00,0,0.00,0.0
2020/02/22,NG,NG,0,0.00,0,0.00,0,0.00,0,0.00,0.0
2020/02/23,NG,NG,0,0.00,0,0.00,0,0.00,0,0.00,0.0
2020/02/24,NG,NG,0,0.00,0,0.00,0,0.00,0,0.00,0.0
2020/02/25,NG,NG,0,0.00,0,0.00,0,0.00,0,0.00,0.0
2020/02/26,NG,NG,0,0.00,0,0.00,0,0.00,0,0.00,0.0
2020/02/27,NG,NG,0,0.00,0,0.00,0,0.00,0,0.00,0.0
2020/02/28,NG,NG,0,0.00,0,0.00,0,0.00,0,0.00,0.0
2020/02/29,NG,NG,0,0.00,0,0.00,0,0.00,0,0.00,0.0
2020/03/01,NG,NG,0,0.00,0,0.00,0,0.00,0,0.00,0.0
2020/03/02,NG,NG,0,0.00,0,0.00,0,0.00,0,0.00,0.0
2020/03/03,NG,NG,0,0.00,0,0.00,0,0.00,0,0.00,0.0
2020/03/04,NG,NG,0,0.00,0,0.00,0,0.00,0,0.00,0.0
2020/03/05,NG,NG,0,0.00,0,0.00,0,0.00,0,0.00,0.0
2020/03/06,NG,NG,0,0.00,0,0.00,0,0.00,0,0.00,0.0
2020/03/07,NG,NG,0,0.00,0,0.00,0,0.00,0,0.00,0.0
2020/03/08,NG,NG,0,0.00,0,0.00,0,0.00,0,0.00,0.0
2020/03/09,NG,NG,0,0.00,0,0.00,0,0.00,0,0.00,0.0
2020/03/10,NG,NG,0,0.00,0,0.00,0,0.00,0,0.00,0.0
2020/03/11,NG,NG,0,0.00,0,0.00,0,0.00,0,0.00,0.0
2020/03/12,NG,NG,0,0.00,0,0.00,0,0.00,0,0.00,0.0
2020/03/13,1.74,16.26,0,0.14,0,0.14,0,0.00,0,0.00,0.0
2020/03/14,2.08,10.31,0,0.29,0,0.14,0,0.00,0,0.00,0.0
2020/03/15,2.64,6.28,0,0.57,0,0.29,0,0.00,0,0.00,0.0
2020/03/16,3.09,4.81,1,0.86,1,0.29,0,0.00,0,0.00,0.0
2020/03/17,3.42,4.13,1,1.14,0,0.29,0,0.00,0,0.00,0.0
2020/03/18,3.71,3.70,2,1.43,1,0.29,0,0.00,0,0.00,0.0
2020/03/19,3.94,3.43,2,1.71,0,0.29,0,0.00,0,0.00,0.0
2020/03/20,5.04,2.62,2,2.29,0,0.57,0,0.00,0,0.00,0.0
2020/03/21,6.36,2.14,2,3.00,0,0.71,0,0.00,0,0.00,0.0
2020/03/22,6.62,2.08,2,3.57,0,0.57,0,0.00,0,0.00,0.0
2020/03/23,6.82,2.04,5,4.14,3,0.57,0,0.00,0,0.00,0.0
2020/03/24,6.57,2.09,6,4.71,1,0.57,0,0.00,0,0.00,0.0
2020/03/25,6.40,2.13,6,5.29,0,0.57,0,0.00,0,0.00,0.0
2020/03/26,5.78,2.32,6,5.86,0,0.57,0,0.00,0,0.00,0.0
2020/03/27,4.82,2.74,6,6.00,0,0.14,0,0.00,0,0.00,0.0
2020/03/28,4.51,2.93,6,6.43,0,0.43,0,0.00,0,0.00,0.0
2020/03/29,4.73,2.79,6,7.43,0,1.00,0,0.00,0,0.00,0.0
2020/03/30,4.93,2.68,6,8.43,0,1.00,0,0.00,0,0.00,0.0
2020/03/31,5.15,2.57,9,9.86,3,1.43,0,0.00,0,0.00,0.0
2020/04/01,5.34,2.48,13,11.29,4,1.43,0,0.00,0,0.00,0.0
2020/04/02,6.15,2.20,13,13.57,0,2.29,0,0.00,0,0.00,0.0
2020/04/03,7.59,1.90,16,16.43,3,2.86,0,0.14,0,0.14,0.011583827817983314
2020/04/04,8.95,1.72,16,18.86,0,2.43,0,0.29,0,0.14,0.023995071908679718
2020/04/05,9.96,1.63,22,20.71,6,1.86,0,0.43,0,0.14,0.03557889972666303
2020/04/06,11.06,1.55,26,22.57,4,1.86,1,0.57,1,0.14,0.04716272754464634
2020/04/07,14.93,1.38,26,25.29,0,2.71,1,0.71,0,0.14,0.058746555362629654
2020/04/08,21.74,1.25,26,28.00,0,2.71,1,0.86,0,0.14,0.07115779945332606
2020/04/09,30.55,1.17,26,29.86,0,1.86,1,1.00,0,0.14,0.08274162727130938
2020/04/10,25.35,1.21,35,31.14,9,1.29,1,1.00,0,0.00,0.08274162727130938
2020/04/11,22.01,1.25,35,32.43,0,1.29,1,1.00,0,0.00,0.08274162727130938
2020/04/12,19.67,1.28,35,33.71,0,1.29,1,1.00,0,0.00,0.08274162727130938
2020/04/13,17.95,1.31,35,35.00,0,1.29,1,1.00,0,0.00,0.08274162727130938
2020/04/14,14.81,1.39,35,35.00,0,0.00,1,1.00,0,0.00,0.08274162727130938
2020/04/15,12.70,1.47,35,35.00,0,0.00,1,1.00,0,0.00,0.08274162727130938
2020/04/16,10.55,1.58,35,35.00,0,0.00,1,1.00,0,0.00,0.08274162727130938
2020/04/17,11.82,1.51,35,37.71,0,2.71,1,1.00,0,0.00,0.08274162727130938
2020/04/18,13.26,1.44,35,40.43,0,2.71,1,1.00,0,0.00,0.08274162727130938
2020/04/19,14.93,1.38,35,43.14,0,2.71,1,1.00,0,0.00,0.08274162727130938
2020/04/20,16.87,1.33,54,45.86,19,2.71,1,1.00,0,0.00,0.08274162727130938
2020/04/21,15.60,1.36,54,48.57,0,2.71,1,1.00,0,0.00,0.08274162727130938
2020/04/22,14.65,1.39,54,51.29,0,2.71,1,1.00,0,0.00,0.08274162727130938
2020/04/23,15.95,1.36,54,55.43,0,4.14,1,1.00,0,0.00,0.08274162727130938
2020/04/24,14.36,1.40,54,56.86,0,1.43,1,1.00,0,0.00,0.08274162727130938
2020/04/25,13.16,1.45,54,58.29,0,1.43,1,1.00,0,0.00,0.08274162727130938
2020/04/26,12.20,1.49,64,59.71,10,1.43,1,1.00,0,0.00,0.08274162727130938
2020/04/27,9.92,1.63,64,61.14,0,1.43,1,1.00,0,0.00,0.08274162727130938
2020/04/28,8.02,1.83,64,66.29,0,5.14,1,1.14,0,0.14,0.09432545508929269
2020/04/29,6.59,2.09,64,71.43,0,5.14,1,1.29,0,0.14,0.1067366991799891
2020/04/30,5.49,2.42,64,75.14,0,3.71,1,1.43,0,0.14,0.11832052699797241
2020/05/01,4.92,2.68,90,79.71,26,4.57,2,1.57,1,0.14,0.12990435481595572
2020/05/02,4.52,2.93,90,84.29,0,4.57,2,1.71,0,0.14,0.14148818263393903
2020/05/03,4.23,3.15,90,88.86,0,4.57,2,1.86,0,0.14,0.15389942672463547
2020/05/04,4.30,3.09,96,99.71,6,10.86,2,2.00,0,0.14,0.16548325454261875
2020/05/05,4.98,2.65,96,121.43,0,21.71,2,2.00,0,0.00,0.16548325454261875
2020/05/06,6.11,2.21,96,149.14,0,27.71,2,2.00,0,0.00,0.16548325454261875
2020/05/07,8.03,1.83,140,181.86,44,32.71,2,2.00,0,0.00,0.16548325454261875
2020/05/08,10.75,1.57,242,213.71,102,31.86,2,2.00,0,0.00,0.16548325454261875
2020/05/09,22.05,1.25,284,246.71,42,33.00,2,2.00,0,0.00,0.16548325454261875
2020/05/10,NG,NG,319,279.71,35,33.00,2,2.00,0,0.00,0.16548325454261875
2020/05/11,NG,NG,319,308.14,0,28.43,2,2.00,0,0.00,0.16548325454261875
2020/05/12,NG,NG,327,322.00,8,13.86,2,2.00,0,0.00,0.16548325454261875
2020/05/13,NG,NG,327,329.86,0,7.86,2,2.00,0,0.00,0.16548325454261875
2020/05/14,NG,NG,339,332.71,12,2.86,2,2.00,0,0.00,0.16548325454261875
2020/05/15,NG,NG,339,335.57,0,2.86,2,2.00,0,0.00,0.16548325454261875
2020/05/16,NG,NG,339,307.43,0,-28.14,2,2.00,0,0.00,0.16548325454261875
2020/05/17,NG,NG,339,279.29,0,-28.14,2,2.00,0,0.00,0.16548325454261875
2020/05/18,NG,NG,339,250.14,0,-29.14,2,2.14,0,0.14,0.1770670823606021
2020/05/19,NG,NG,130,221.00,-209,-29.14,2,2.29,0,0.14,0.18947832645129847
2020/05/20,59.05,1.09,130,191.86,0,-29.14,2,2.43,0,0.14,0.2010621542692818
2020/05/21,21.41,1.25,135,170.71,5,-21.14,3,2.57,1,0.14,0.2126459820872651
2020/05/22,12.35,1.48,135,149.57,0,-21.14,3,2.71,0,0.14,0.2242298099052484
2020/05/23,14.10,1.41,135,160.71,0,11.14,3,2.86,0,0.14,0.23664105399594482
2020/05/24,16.36,1.35,191,172.14,56,11.43,3,3.00,0,0.14,0.24822488181392816
2020/05/25,18.16,1.31,191,182.86,0,10.71,3,3.00,0,0.00,0.24822488181392816
2020/05/26,21.87,1.25,208,195.57,17,12.71,3,3.00,0,0.00,0.24822488181392816
