Date,Td,R0,Cases(Tot.),Cases(7Ave.),Cases(Day),Cases(7Ave.Day),Deaths(Tot.),Death(7Ave.),Death(Day),Death(7Ave.Day),Death/Mil.pop(7Ave.Day)
2020/01/27,NG,NG,0,0.00,0,0.00,0,0.00,0,0.00,0.0
2020/01/28,NG,NG,0,0.00,0,0.00,0,0.00,0,0.00,0.0
2020/01/29,NG,NG,0,0.00,0,0.00,0,0.00,0,0.00,0.0
2020/01/30,NG,NG,0,0.00,0,0.00,0,0.00,0,0.00,0.0
2020/01/31,NG,NG,0,0.00,0,0.00,0,0.00,0,0.00,0.0
2020/02/01,NG,NG,0,0.00,0,0.00,0,0.00,0,0.00,0.0
2020/02/02,NG,NG,0,0.00,0,0.00,0,0.00,0,0.00,0.0
2020/02/03,NG,NG,0,0.00,0,0.00,0,0.00,0,0.00,0.0
2020/02/04,NG,NG,0,0.00,0,0.00,0,0.00,0,0.00,0.0
2020/02/05,NG,NG,0,0.00,0,0.00,0,0.00,0,0.00,0.0
2020/02/06,NG,NG,0,0.00,0,0.00,0,0.00,0,0.00,0.0
2020/02/07,NG,NG,0,0.00,0,0.00,0,0.00,0,0.00,0.0
2020/02/08,NG,NG,0,0.00,0,0.00,0,0.00,0,0.00,0.0
2020/02/09,NG,NG,0,0.00,0,0.00,0,0.00,0,0.00,0.0
2020/02/10,NG,NG,0,0.00,0,0.00,0,0.00,0,0.00,0.0
2020/02/11,NG,NG,0,0.00,0,0.00,0,0.00,0,0.00,0.0
2020/02/12,NG,NG,0,0.00,0,0.00,0,0.00,0,0.00,0.0
2020/02/13,NG,NG,0,0.00,0,0.00,0,0.00,0,0.00,0.0
2020/02/14,NG,NG,0,0.00,0,0.00,0,0.00,0,0.00,0.0
2020/02/15,NG,NG,0,0.00,0,0.00,0,0.00,0,0.00,0.0
2020/02/16,NG,NG,0,0.00,0,0.00,0,0.00,0,0.00,0.0
2020/02/17,NG,NG,0,0.00,0,0.00,0,0.00,0,0.00,0.0
2020/02/18,NG,NG,0,0.00,0,0.00,0,0.00,0,0.00,0.0
2020/02/19,NG,NG,0,0.00,0,0.00,0,0.00,0,0.00,0.0
2020/02/20,NG,NG,0,0.00,0,0.00,0,0.00,0,0.00,0.0
2020/02/21,NG,NG,0,0.00,0,0.00,0,0.00,0,0.00,0.0
2020/02/22,NG,NG,0,0.00,0,0.00,0,0.00,0,0.00,0.0
2020/02/23,1.82,14.38,0,0.14,0,0.14,0,0.00,0,0.00,0.0
2020/02/24,2.28,8.40,0,0.29,0,0.14,0,0.00,0,0.00,0.0
2020/02/25,2.14,9.65,0,0.43,0,0.14,0,0.00,0,0.00,0.0
2020/02/26,2.33,8.02,1,0.71,1,0.29,0,0.00,0,0.00,0.0
2020/02/27,2.29,8.32,1,1.00,0,0.29,0,0.00,0,0.00,0.0
2020/02/28,2.21,8.98,1,1.29,0,0.29,0,0.00,0,0.00,0.0
2020/02/29,2.11,9.97,2,1.57,1,0.29,0,0.00,0,0.00,0.0
2020/03/01,2.08,10.31,2,2.00,0,0.43,0,0.00,0,0.00,0.0
2020/03/02,2.00,11.31,2,2.43,0,0.43,0,0.00,0,0.00,0.0
2020/03/03,1.99,11.45,2,4.14,0,1.71,0,0.00,0,0.00,0.0
2020/03/04,1.97,11.74,4,5.71,2,1.57,0,0.00,0,0.00,0.0
2020/03/05,2.06,10.54,4,8.29,0,2.57,0,0.00,0,0.00,0.0
2020/03/06,2.14,9.65,13,11.57,9,3.29,0,0.00,0,0.00,0.0
2020/03/07,2.13,9.76,13,15.71,0,4.14,0,0.00,0,0.00,0.0
2020/03/08,2.13,9.76,20,20.57,7,4.86,0,0.00,0,0.00,0.0
2020/03/09,2.08,10.31,25,27.43,5,6.86,0,0.00,0,0.00,0.0
2020/03/10,2.34,7.95,31,47.14,6,19.71,0,0.00,0,0.00,0.0
2020/03/11,2.41,7.49,38,66.86,7,19.71,0,0.00,0,0.00,0.0
2020/03/12,2.33,8.02,52,87.14,14,20.29,0,0.00,0,0.00,0.0
2020/03/13,2.28,8.40,151,112.14,99,25.00,0,0.00,0,0.00,0.0
2020/03/14,2.34,7.95,151,153.57,0,41.43,0,0.14,0,0.14,0.0006591417165048427
2020/03/15,2.39,7.62,162,201.29,11,47.71,0,0.57,0,0.43,0.0026836484171982875
2020/03/16,2.57,6.61,200,282.57,38,81.29,0,1.43,0,0.86,0.006732661818585178
2020/03/17,2.71,5.99,321,374.29,121,91.71,1,3.00,1,1.57,0.0141244653536752
2020/03/18,2.90,5.33,372,498.57,51,124.29,3,5.14,2,2.14,0.024199917305963506
2020/03/19,3.29,4.37,621,696.29,249,197.71,6,8.71,3,3.57,0.041008031076837
2020/03/20,3.76,3.63,793,942.57,172,246.29,11,13.57,5,4.86,0.06388966494979081
2020/03/21,4.15,3.22,1021,1217.71,228,275.14,15,20.00,4,6.43,0.09416310235783466
2020/03/22,4.47,2.96,1546,1529.43,525,311.71,25,28.00,10,8.00,0.13182834330096851
2020/03/23,4.69,2.81,1924,1867.14,378,337.71,34,38.14,9,10.14,0.1795690361963907
2020/03/24,4.88,2.70,2247,2242.00,323,374.86,46,49.71,12,11.57,0.23404239091039805
2020/03/25,5.02,2.63,2554,2653.86,307,411.86,59,63.43,13,13.71,0.2986382791278726
2020/03/26,5.04,2.62,2985,3041.00,431,387.14,77,79.29,18,15.86,0.37330961929763556
2020/03/27,4.99,2.64,3417,3420.29,432,379.29,92,97.14,15,17.86,0.45735018815200296
2020/03/28,5.05,2.61,3904,3916.00,487,495.71,111,119.29,19,22.14,0.5616358240133049
2020/03/29,5.17,2.56,4256,4527.71,352,611.71,136,145.14,25,25.86,0.683341633810806
2020/03/30,5.35,2.48,4579,5250.43,323,722.71,159,180.43,23,35.29,0.8494924279212054
2020/03/31,5.55,2.40,5717,6056.00,1138,805.57,201,218.57,42,38.14,1.0290614641175961
2020/04/01,5.85,2.29,6836,6978.29,1119,922.29,240,266.29,39,47.71,1.2537346263433897
2020/04/02,6.13,2.21,8044,7960.29,1208,982.00,324,316.29,84,50.00,1.4891423822379763
2020/04/03,6.45,2.12,9056,9043.43,1012,1083.14,359,374.14,35,57.86,1.761509155808013
2020/04/04,6.84,2.03,10360,10231.57,1304,1188.14,445,443.43,86,69.29,2.087737223926731
2020/04/05,7.28,1.95,11130,11565.00,770,1333.43,486,526.14,41,82.71,2.477148733727556
2020/04/06,7.76,1.87,12161,13000.43,1031,1435.43,564,615.57,78,89.43,2.8981990459206144
2020/04/07,8.17,1.81,14034,14512.14,1873,1511.71,686,715.29,122,99.71,3.3676962742767778
2020/04/08,8.36,1.79,16170,15993.14,2136,1481.00,819,812.29,133,97.00,3.8243873207122756
2020/04/09,8.59,1.76,18092,17573.43,1922,1580.29,950,917.57,131,105.29,4.320061891523918
2020/04/10,8.75,1.74,19638,19183.29,1546,1609.86,1057,1026.71,107,109.14,4.833909941090622
2020/04/11,8.86,1.73,20727,20787.29,1089,1604.00,1124,1147.57,67,120.86,5.4029375686390155
2020/04/12,9.08,1.71,22192,22523.00,1465,1735.71,1223,1278.57,99,131.00,6.019705889082833
2020/04/13,9.17,1.70,23430,24284.86,1238,1761.86,1328,1417.71,105,139.14,6.674798592186289
2020/04/14,9.37,1.68,25262,26291.14,1832,2006.29,1532,1572.57,204,154.86,7.403903493743003
2020/04/15,9.59,1.66,28320,28567.00,3058,2275.86,1736,1748.29,204,175.71,8.231220511058938
2020/04/16,9.75,1.64,30425,30918.71,2105,2351.71,1924,1925.29,188,177.00,9.064563966925775
2020/04/17,9.84,1.64,33682,33392.00,3257,2473.29,2141,2105.14,217,179.86,9.911325664878602
2020/04/18,9.79,1.64,36658,35937.29,2976,2545.29,2354,2277.86,213,172.71,10.724518216840863
2020/04/19,9.56,1.66,38654,38428.29,1996,2491.00,2462,2445.00,108,167.14,11.511439263245288
2020/04/20,9.38,1.68,40743,41229.86,2089,2801.57,2587,2646.00,125,201.00,12.457778441941526
2020/04/21,9.25,1.69,43079,44138.57,2336,2908.71,2741,2869.29,154,223.29,13.50906239821557
2020/04/22,9.26,1.69,45757,47376.57,2678,3238.00,2906,3112.57,165,243.29,14.654462375296273
2020/04/23,9.34,1.68,50036,50868.86,4279,3492.29,3331,3373.14,425,260.57,15.88126635436532
2020/04/24,9.44,1.67,54043,54683.57,4007,3814.71,3704,3661.14,373,288.00,17.23721502831814
2020/04/25,9.67,1.65,59324,58991.57,5281,4308.00,4057,3995.71,353,334.57,18.812422486111178
2020/04/26,9.91,1.63,63100,63838.43,3776,4846.86,4286,4368.14,229,372.43,20.565880696667598
2020/04/27,10.23,1.61,67446,69145.71,4346,5307.29,4603,4750.29,317,382.14,22.36510217496992
2020/04/28,10.41,1.59,73235,74597.00,5789,5451.29,5083,5137.14,480,386.86,24.18645198232634
2020/04/29,10.44,1.59,79685,79993.57,6450,5396.57,5513,5523.43,430,386.29,26.005165222816736
2020/04/30,10.46,1.59,87187,85525.86,7502,5532.29,6006,5918.43,493,395.00,27.86488649438397
2020/05/01,10.56,1.58,92202,91407.86,5015,5882.00,6412,6313.29,406,394.86,29.723948624234698
2020/05/02,10.65,1.58,97100,97439.29,4898,6031.43,6761,6721.14,349,407.86,31.644169689066846
2020/05/03,10.87,1.56,101826,104143.00,4726,6703.71,7051,7160.43,290,439.29,33.712415150805505
2020/05/04,11.04,1.55,108620,111083.86,6794,6940.86,7367,7615.29,316,454.86,35.85396658772974
2020/05/05,11.27,1.54,115455,118897.00,6835,7813.14,7938,8130.29,571,515.00,38.27866647344398
2020/05/06,11.53,1.52,126611,127320.00,11156,8423.00,8588,8686.71,650,556.43,40.89837814414129
2020/05/07,11.81,1.51,135773,136016.14,9162,8696.14,9190,9268.43,602,581.71,43.63720613932128
2020/05/08,11.93,1.50,146894,144726.71,11121,8710.57,10017,9880.71,827,612.29,46.51991535490402
2020/05/09,11.94,1.50,156061,153692.29,9167,8965.57,10656,10526.86,639,646.14,49.56208978432977
2020/05/10,11.83,1.51,162699,162767.43,6638,9075.14,11123,11191.43,467,664.57,52.69098843102708
2020/05/11,11.75,1.51,169594,172394.86,6895,9627.43,11653,11878.43,530,687.00,55.9254909970187
2020/05/12,11.75,1.51,178214,182880.14,8620,10485.29,12461,12584.86,808,706.43,59.25147301695096
2020/05/13,11.80,1.51,190137,193944.43,11923,11064.29,13240,13300.00,779,715.14,62.61846306796005
2020/05/14,11.75,1.51,203165,205141.71,13028,11197.29,13999,14013.57,759,713.57,65.97806131543405
2020/05/15,11.87,1.50,220291,217395.14,17126,12253.43,14962,14756.43,963,742.86,69.4755614263111
2020/05/16,12.14,1.49,233511,230776.71,13220,13381.57,15662,15545.29,700,788.86,73.18963667261119
2020/05/17,12.52,1.47,241080,245268.43,7569,14491.71,16118,16348.00,456,802.71,76.96891986729405
2020/05/18,12.89,1.46,255368,260543.00,14288,15274.57,16853,17212.00,735,864.00,81.0367658891525
2020/05/19,13.22,1.44,271885,276342.86,16517,15799.86,17983,18081.43,1130,869.43,85.13017719330112
2020/05/20,13.39,1.44,291579,292612.43,19694,16269.57,18859,18988.71,876,907.29,89.40179216866193
