Date,Td,R0,Cases(Tot.),Cases(7Ave.),Cases(Day),Cases(7Ave.Day),Deaths(Tot.),Death(7Ave.),Death(Day),Death(7Ave.Day),Death/Mil.pop(7Ave.Day)
2020/01/27,NG,NG,0,0.00,0,0.00,0,0.00,0,0.00,0.0
2020/01/28,NG,NG,0,0.00,0,0.00,0,0.00,0,0.00,0.0
2020/01/29,NG,NG,0,0.00,0,0.00,0,0.00,0,0.00,0.0
2020/01/30,NG,NG,0,0.00,0,0.00,0,0.00,0,0.00,0.0
2020/01/31,NG,NG,0,0.00,0,0.00,0,0.00,0,0.00,0.0
2020/02/01,NG,NG,0,0.00,0,0.00,0,0.00,0,0.00,0.0
2020/02/02,NG,NG,0,0.00,0,0.00,0,0.00,0,0.00,0.0
2020/02/03,NG,NG,0,0.00,0,0.00,0,0.00,0,0.00,0.0
2020/02/04,NG,NG,0,0.00,0,0.00,0,0.00,0,0.00,0.0
2020/02/05,NG,NG,0,0.00,0,0.00,0,0.00,0,0.00,0.0
2020/02/06,NG,NG,0,0.00,0,0.00,0,0.00,0,0.00,0.0
2020/02/07,NG,NG,0,0.00,0,0.00,0,0.00,0,0.00,0.0
2020/02/08,NG,NG,0,0.00,0,0.00,0,0.00,0,0.00,0.0
2020/02/09,NG,NG,0,0.00,0,0.00,0,0.00,0,0.00,0.0
2020/02/10,NG,NG,0,0.00,0,0.00,0,0.00,0,0.00,0.0
2020/02/11,NG,NG,0,0.00,0,0.00,0,0.00,0,0.00,0.0
2020/02/12,NG,NG,0,0.00,0,0.00,0,0.00,0,0.00,0.0
2020/02/13,NG,NG,0,0.00,0,0.00,0,0.00,0,0.00,0.0
2020/02/14,NG,NG,0,0.00,0,0.00,0,0.00,0,0.00,0.0
2020/02/15,NG,NG,0,0.00,0,0.00,0,0.00,0,0.00,0.0
2020/02/16,NG,NG,0,0.00,0,0.00,0,0.00,0,0.00,0.0
2020/02/17,NG,NG,0,0.00,0,0.00,0,0.00,0,0.00,0.0
2020/02/18,NG,NG,0,0.00,0,0.00,0,0.00,0,0.00,0.0
2020/02/19,NG,NG,0,0.00,0,0.00,0,0.00,0,0.00,0.0
2020/02/20,NG,NG,0,0.00,0,0.00,0,0.00,0,0.00,0.0
2020/02/21,NG,NG,0,0.00,0,0.00,0,0.00,0,0.00,0.0
2020/02/22,NG,NG,0,0.00,0,0.00,0,0.00,0,0.00,0.0
2020/02/23,NG,NG,0,0.00,0,0.00,0,0.00,0,0.00,0.0
2020/02/24,NG,NG,0,0.00,0,0.00,0,0.00,0,0.00,0.0
2020/02/25,NG,NG,0,0.00,0,0.00,0,0.00,0,0.00,0.0
2020/02/26,NG,NG,0,0.00,0,0.00,0,0.00,0,0.00,0.0
2020/02/27,NG,NG,0,0.00,0,0.00,0,0.00,0,0.00,0.0
2020/02/28,NG,NG,0,0.00,0,0.00,0,0.00,0,0.00,0.0
2020/02/29,NG,NG,0,0.00,0,0.00,0,0.00,0,0.00,0.0
2020/03/01,NG,NG,0,0.00,0,0.00,0,0.00,0,0.00,0.0
2020/03/02,NG,NG,0,0.00,0,0.00,0,0.00,0,0.00,0.0
2020/03/03,NG,NG,0,0.00,0,0.00,0,0.00,0,0.00,0.0
2020/03/04,NG,NG,0,0.00,0,0.00,0,0.00,0,0.00,0.0
2020/03/05,1.37,34.52,0,0.57,0,0.57,0,0.00,0,0.00,0.0
2020/03/06,1.54,23.35,0,1.14,0,0.57,0,0.00,0,0.00,0.0
2020/03/07,1.60,20.75,0,1.71,0,0.57,0,0.00,0,0.00,0.0
2020/03/08,1.69,17.66,4,2.71,4,1.00,0,0.14,0,0.14,0.02013329970113555
2020/03/09,1.74,16.26,4,3.71,0,1.00,0,0.29,0,0.14,0.041704692238066485
2020/03/10,2.05,10.66,4,7.00,0,3.29,0,0.43,0,0.14,0.06183799193920203
2020/03/11,2.46,7.19,7,12.86,3,5.86,1,0.71,1,0.29,0.10210459134147312
2020/03/12,2.79,5.69,7,19.57,0,6.71,1,1.00,0,0.29,0.14380928357953962
2020/03/13,3.00,5.04,23,26.43,16,6.86,1,1.29,0,0.29,0.18551397581760612
2020/03/14,3.29,4.37,41,35.43,18,9.00,2,1.57,1,0.29,0.2257805752198772
2020/03/15,3.71,3.70,51,47.57,10,12.14,2,1.71,0,0.14,0.24591387492101274
2020/03/16,4.03,3.33,52,60.00,1,12.43,2,2.00,0,0.29,0.28761856715907924
2020/03/17,4.43,2.99,67,74.86,15,14.86,2,2.29,0,0.29,0.32932325939714574
2020/03/18,4.91,2.69,92,92.29,25,17.43,2,2.43,0,0.14,0.34945655909828127
2020/03/19,5.48,2.42,94,111.71,2,19.43,3,2.57,1,0.14,0.3695898587994168
2020/03/20,6.14,2.20,127,133.00,33,21.29,3,2.71,0,0.14,0.38972315850055234
2020/03/21,6.69,2.07,163,154.57,36,21.57,3,2.86,0,0.14,0.4112945510374833
2020/03/22,7.21,1.96,187,176.00,24,21.43,3,3.00,0,0.14,0.43142785073861883
2020/03/23,7.82,1.86,201,200.29,14,24.29,3,3.00,0,0.00,0.43142785073861883
2020/03/24,8.37,1.79,218,224.00,17,23.71,3,3.00,0,0.00,0.43142785073861883
2020/03/25,9.03,1.71,242,248.00,24,24.00,3,3.57,0,0.57,0.5133991423789565
2020/03/26,9.51,1.67,264,270.71,22,22.71,3,4.29,0,0.71,0.616941826556225
2020/03/27,9.93,1.63,293,293.29,29,22.57,3,5.00,0,0.71,0.7190464178976981
2020/03/28,10.64,1.58,331,319.14,38,25.86,7,5.71,4,0.71,0.8211510092391712
2020/03/29,11.40,1.53,346,344.86,15,25.71,8,6.71,1,1.00,0.9649602928187108
2020/03/30,12.40,1.48,359,372.43,13,27.57,8,7.71,0,1.00,1.1087695763982504
2020/03/31,13.53,1.43,399,399.86,40,27.43,8,9.29,0,1.57,1.3359882444539228
2020/04/01,14.37,1.40,422,424.43,23,24.57,10,10.71,2,1.43,1.5401974271368695
2020/04/02,15.59,1.37,457,450.86,35,26.43,10,12.43,0,1.71,1.7875493948936774
2020/04/03,17.10,1.33,485,478.00,28,27.14,14,14.43,4,2.00,2.0751679620527566
2020/04/04,18.51,1.30,503,503.43,18,25.43,17,16.57,3,2.14,2.3829198289129714
2020/04/05,19.58,1.28,531,527.86,28,24.43,20,18.57,3,2.00,2.670538396072051
2020/04/06,19.98,1.27,549,550.86,18,23.00,22,20.57,2,2.00,2.9581569632311298
2020/04/07,19.67,1.28,577,572.29,28,21.43,23,22.14,1,1.57,3.183937538451007
2020/04/08,19.45,1.28,593,594.86,16,22.57,24,23.71,1,1.57,3.4097181136708845
2020/04/09,18.98,1.29,618,615.43,25,20.57,24,25.00,0,1.29,3.5952320894884906
2020/04/10,18.14,1.31,635,634.86,17,19.43,25,26.43,1,1.43,3.800879365007232
2020/04/11,17.24,1.33,661,654.29,26,19.43,28,28.14,3,1.71,4.0467932399282445
2020/04/12,16.56,1.34,675,676.29,14,22.00,29,29.86,1,1.71,4.294145207685053
2020/04/13,16.12,1.35,685,702.29,10,26.00,32,31.86,3,2.00,4.581763774844132
2020/04/14,15.36,1.37,713,732.43,28,30.14,35,34.14,3,2.29,4.909648941405482
2020/04/15,14.91,1.38,747,763.43,34,31.00,36,36.00,1,1.86,5.177134208863426
2020/04/16,14.32,1.40,800,794.71,53,31.29,38,37.86,2,1.86,5.444619476321369
2020/04/17,13.87,1.42,846,829.57,46,34.86,41,39.43,3,1.57,5.670400051541247
2020/04/18,13.63,1.43,878,867.00,32,37.43,41,40.86,0,1.43,5.876047327059989
2020/04/19,13.51,1.43,894,906.57,16,39.57,42,42.71,1,1.86,6.142094501682137
2020/04/20,13.58,1.43,929,949.00,35,42.43,43,44.71,1,2.00,6.429713068841217
2020/04/21,14.54,1.40,975,1004.43,46,55.43,45,46.57,2,1.86,6.69719833629916
2020/04/22,15.29,1.37,1024,1057.14,49,52.71,49,48.57,4,2.00,6.984816903458239
2020/04/23,16.46,1.34,1097,1115.14,73,58.00,52,50.57,3,2.00,7.272435470617318
2020/04/24,18.11,1.31,1234,1177.14,137,62.00,54,52.71,2,2.14,7.5801873374775335
2020/04/25,19.75,1.28,1247,1237.71,13,60.57,55,54.57,1,1.86,7.847672604935477
2020/04/26,21.34,1.26,1300,1298.14,53,60.43,56,56.71,1,2.14,8.155424471795692
2020/04/27,22.97,1.24,1363,1356.57,63,58.43,58,58.71,2,2.00,8.443043038954771
2020/04/28,23.70,1.23,1399,1402.43,36,45.86,58,60.71,0,2.00,8.73066160611385
2020/04/29,24.66,1.22,1447,1452.00,48,49.57,64,63.14,6,2.43,9.08011816521213
2020/04/30,25.06,1.21,1506,1497.43,59,45.43,66,65.57,2,2.43,9.429574724310411
2020/05/01,25.19,1.21,1555,1538.71,49,41.29,68,68.43,2,2.86,9.840869275347897
2020/05/02,25.70,1.21,1594,1582.29,39,43.57,72,71.57,4,3.14,10.29243042578765
2020/05/03,26.82,1.20,1618,1629.57,24,47.29,73,74.43,1,2.86,10.703724976825134
2020/05/04,28.11,1.19,1652,1675.71,34,46.14,78,77.00,5,2.57,11.07331483562455
2020/05/05,29.43,1.18,1704,1721.00,52,45.29,80,79.57,2,2.57,11.442904694423966
2020/05/06,31.14,1.17,1778,1767.71,74,46.71,84,82.14,4,2.57,11.812494553223384
2020/05/07,33.46,1.16,1829,1817.29,51,49.57,84,84.71,0,2.57,12.1820844120228
2020/05/08,35.86,1.14,1872,1865.57,43,48.29,86,86.86,2,2.14,12.491274371718811
2020/05/09,38.26,1.14,1921,1911.14,49,45.57,90,89.00,4,2.14,12.799026238579026
2020/05/10,40.47,1.13,1965,1952.71,44,41.57,91,90.71,1,1.71,13.044940113500038
2020/05/11,42.14,1.12,1990,1991.43,25,38.71,93,92.86,2,2.14,13.354130073196048
2020/05/12,43.68,1.12,2023,2029.43,33,38.00,95,95.14,2,2.29,13.6820152397574
2020/05/13,44.96,1.11,2069,2065.71,46,36.29,96,97.29,1,2.14,13.99120519945341
2020/05/14,46.48,1.11,2100,2100.86,31,35.14,99,99.71,3,2.43,14.339223665715894
2020/05/15,48.56,1.11,2138,2135.86,38,35.00,102,102.14,3,2.43,14.688680224814176
2020/05/16,50.90,1.10,2175,2169.57,37,33.71,105,104.57,3,2.43,15.038136783912456
2020/05/17,53.46,1.10,2211,2201.43,36,31.86,108,107.43,3,2.86,15.449431334949942
2020/05/18,57.42,1.09,2235,2234.43,24,33.00,110,110.43,2,3.00,15.88085918568856
2020/05/19,63.63,1.08,2259,2267.86,24,33.43,112,113.71,2,3.29,16.352553635829448
2020/05/20,72.43,1.07,2292,2301.14,33,33.29,116,116.71,4,3.00,16.783981486568067
