Date,Td,R0,Cases(Tot.),Cases(7Ave.),Cases(Day),Cases(7Ave.Day),Deaths(Tot.),Death(7Ave.),Death(Day),Death(7Ave.Day),Death/Mil.pop(7Ave.Day)
2020/01/27,NG,NG,0,0.00,0,0.00,0,0.00,0,0.00,0.0
2020/01/28,NG,NG,0,0.00,0,0.00,0,0.00,0,0.00,0.0
2020/01/29,NG,NG,0,0.00,0,0.00,0,0.00,0,0.00,0.0
2020/01/30,NG,NG,0,0.00,0,0.00,0,0.00,0,0.00,0.0
2020/01/31,NG,NG,0,0.00,0,0.00,0,0.00,0,0.00,0.0
2020/02/01,NG,NG,0,0.00,0,0.00,0,0.00,0,0.00,0.0
2020/02/02,NG,NG,0,0.00,0,0.00,0,0.00,0,0.00,0.0
2020/02/03,NG,NG,0,0.00,0,0.00,0,0.00,0,0.00,0.0
2020/02/04,NG,NG,0,0.00,0,0.00,0,0.00,0,0.00,0.0
2020/02/05,NG,NG,0,0.00,0,0.00,0,0.00,0,0.00,0.0
2020/02/06,NG,NG,0,0.00,0,0.00,0,0.00,0,0.00,0.0
2020/02/07,NG,NG,0,0.00,0,0.00,0,0.00,0,0.00,0.0
2020/02/08,NG,NG,0,0.00,0,0.00,0,0.00,0,0.00,0.0
2020/02/09,NG,NG,0,0.00,0,0.00,0,0.00,0,0.00,0.0
2020/02/10,NG,NG,0,0.00,0,0.00,0,0.00,0,0.00,0.0
2020/02/11,NG,NG,0,0.00,0,0.00,0,0.00,0,0.00,0.0
2020/02/12,NG,NG,0,0.00,0,0.00,0,0.00,0,0.00,0.0
2020/02/13,NG,NG,0,0.00,0,0.00,0,0.00,0,0.00,0.0
2020/02/14,NG,NG,0,0.00,0,0.00,0,0.00,0,0.00,0.0
2020/02/15,NG,NG,0,0.00,0,0.00,0,0.00,0,0.00,0.0
2020/02/16,NG,NG,0,0.00,0,0.00,0,0.00,0,0.00,0.0
2020/02/17,NG,NG,0,0.00,0,0.00,0,0.00,0,0.00,0.0
2020/02/18,NG,NG,0,0.00,0,0.00,0,0.00,0,0.00,0.0
2020/02/19,NG,NG,0,0.00,0,0.00,0,0.00,0,0.00,0.0
2020/02/20,NG,NG,0,0.00,0,0.00,0,0.00,0,0.00,0.0
2020/02/21,NG,NG,0,0.00,0,0.00,0,0.00,0,0.00,0.0
2020/02/22,NG,NG,0,0.00,0,0.00,0,0.00,0,0.00,0.0
2020/02/23,NG,NG,0,0.00,0,0.00,0,0.00,0,0.00,0.0
2020/02/24,NG,NG,0,0.00,0,0.00,0,0.00,0,0.00,0.0
2020/02/25,NG,NG,0,0.00,0,0.00,0,0.00,0,0.00,0.0
2020/02/26,NG,NG,0,0.00,0,0.00,0,0.00,0,0.00,0.0
2020/02/27,NG,NG,0,0.00,0,0.00,0,0.00,0,0.00,0.0
2020/02/28,NG,NG,0,0.00,0,0.00,0,0.00,0,0.00,0.0
2020/02/29,NG,NG,0,0.00,0,0.00,0,0.00,0,0.00,0.0
2020/03/01,NG,NG,0,0.00,0,0.00,0,0.00,0,0.00,0.0
2020/03/02,NG,NG,0,0.00,0,0.00,0,0.00,0,0.00,0.0
2020/03/03,1.34,37.37,0,0.14,0,0.14,0,0.00,0,0.00,0.0
2020/03/04,1.45,28.40,0,0.29,0,0.14,0,0.00,0,0.00,0.0
2020/03/05,1.42,30.48,0,0.43,0,0.14,0,0.00,0,0.00,0.0
2020/03/06,1.35,36.38,1,0.57,1,0.14,0,0.00,0,0.00,0.0
2020/03/07,1.43,29.76,1,1.00,0,0.43,0,0.00,0,0.00,0.0
2020/03/08,1.68,17.96,1,2.29,0,1.29,0,0.00,0,0.00,0.0
2020/03/09,1.78,15.27,1,3.57,0,1.29,0,0.00,0,0.00,0.0
2020/03/10,1.87,13.39,3,5.29,2,1.71,0,0.00,0,0.00,0.0
2020/03/11,1.98,11.59,9,8.29,6,3.00,0,0.00,0,0.00,0.0
2020/03/12,2.15,9.55,9,13.00,0,4.71,0,0.00,0,0.00,0.0
2020/03/13,2.39,7.62,13,20.57,4,7.57,0,0.00,0,0.00,0.0
2020/03/14,2.53,6.81,22,29.43,9,8.86,0,0.00,0,0.00,0.0
2020/03/15,2.67,6.15,34,41.43,12,12.00,0,0.00,0,0.00,0.0
2020/03/16,2.80,5.66,54,54.71,20,13.29,0,0.00,0,0.00,0.0
2020/03/17,2.95,5.18,65,71.14,11,16.43,0,0.00,0,0.00,0.0
2020/03/18,3.25,4.45,93,96.00,28,24.86,0,0.00,0,0.00,0.0
2020/03/19,3.51,3.98,102,124.14,9,28.14,0,0.29,0,0.29,0.005705998131462694
2020/03/20,3.75,3.65,128,156.00,26,31.86,0,0.71,0,0.43,0.013969857494270734
2020/03/21,4.16,3.21,196,200.71,68,44.71,0,1.14,0,0.43,0.022430475413336107
2020/03/22,4.61,2.86,231,254.57,35,53.86,2,1.71,2,0.57,0.03364571312000416
2020/03/23,4.96,2.66,277,310.14,46,55.57,3,2.57,1,0.86,0.050566948958134905
2020/03/24,5.25,2.52,378,368.86,101,58.71,3,3.43,0,0.86,0.06748818479626566
2020/03/25,5.44,2.44,470,427.71,92,58.86,4,4.29,1,0.86,0.08440942063439641
2020/03/26,5.72,2.34,491,495.00,21,67.29,6,5.43,2,1.14,0.10683989604773252
2020/03/27,6.07,2.22,539,569.43,48,74.43,6,6.71,0,1.29,0.13202499124867131
2020/03/28,6.31,2.16,608,644.86,69,75.43,6,8.57,0,1.86,0.16862208271253548
2020/03/29,6.54,2.10,702,729.86,94,85.00,10,10.43,4,1.86,0.20521917417639965
2020/03/30,6.80,2.04,798,825.57,96,95.71,12,12.29,2,1.86,0.24181626564026382
2020/03/31,7.01,2.00,906,929.57,108,104.00,16,15.00,4,2.71,0.29513783438600144
2020/04/01,7.22,1.96,1065,1043.57,159,114.00,17,18.71,1,3.71,0.3681352587574725
2020/04/02,7.39,1.93,1161,1155.43,96,111.86,19,22.29,2,3.57,0.4385748218975981
2020/04/03,7.55,1.90,1267,1267.00,106,111.57,25,27.14,6,4.86,0.5340027216824053
2020/04/04,7.86,1.85,1406,1391.86,139,124.86,32,32.00,7,4.86,0.6296273800234697
2020/04/05,8.40,1.78,1485,1533.14,79,141.29,35,37.29,3,5.29,0.7337126562835995
2020/04/06,9.08,1.71,1579,1684.86,94,151.71,46,44.43,11,7.14,0.8741982654513363
2020/04/07,10.02,1.62,1780,1857.14,201,172.29,50,52.29,4,7.86,1.028850490669601
2020/04/08,11.48,1.53,2054,2043.29,274,186.14,54,62.00,4,9.71,1.2199030487954725
2020/04/09,12.72,1.46,2223,2227.71,169,184.43,69,72.57,15,10.57,1.4278768427594748
2020/04/10,13.82,1.42,2473,2409.57,250,181.86,80,82.00,11,9.43,1.613420161310141
2020/04/11,14.69,1.39,2709,2580.86,236,171.29,100,93.00,20,11.00,1.8298545731932088
2020/04/12,15.06,1.38,2776,2731.00,67,150.14,109,104.00,9,11.00,2.0462889850762767
2020/04/13,15.17,1.38,2852,2875.29,76,144.29,112,114.71,3,10.71,2.2570173988278817
2020/04/14,14.99,1.38,2979,3013.29,127,138.00,127,125.14,15,10.43,2.4622365730042812
2020/04/15,14.01,1.41,3105,3117.57,126,104.29,131,132.71,4,7.57,2.6111828000910835
2020/04/16,13.82,1.42,3233,3262.71,128,145.14,144,142.71,13,10.00,2.807941356348418
2020/04/17,13.80,1.42,3439,3423.43,206,160.71,153,153.71,9,11.00,3.0243757682314856
2020/04/18,13.65,1.43,3439,3590.57,0,167.14,153,163.57,0,9.86,3.2183797047012166
2020/04/19,13.58,1.43,3792,3769.29,353,178.71,179,174.29,26,10.71,3.4293048770090793
2020/04/20,13.53,1.43,3977,3959.00,185,189.71,189,184.43,10,10.14,3.628818053054016
2020/04/21,13.48,1.43,4149,4165.00,172,206.00,196,194.71,7,10.29,3.831085848886556
2020/04/22,13.74,1.42,4356,4408.29,207,243.29,206,206.14,10,11.43,4.055980878688689
2020/04/23,13.71,1.42,4561,4635.00,205,226.71,215,215.43,9,9.29,4.238769577451753
2020/04/24,13.66,1.43,4881,4866.43,320,231.43,225,224.57,10,9.14,4.418606897870956
2020/04/25,13.59,1.43,5142,5123.57,261,257.14,233,235.00,8,10.43,4.623826072047356
2020/04/26,13.51,1.43,5379,5388.00,237,264.43,244,245.29,11,10.29,4.826290626436153
2020/04/27,13.41,1.44,5597,5666.00,218,278.00,253,256.43,9,11.14,5.0454796581068235
2020/04/28,13.41,1.44,5949,5969.57,352,303.57,269,269.14,16,12.71,5.295559783109895
2020/04/29,13.33,1.44,6207,6275.71,258,306.14,278,282.14,9,13.00,5.551345906244429
2020/04/30,13.28,1.44,6507,6602.71,300,327.00,293,295.86,15,13.71,5.821298645429493
2020/05/01,13.17,1.45,7006,6942.14,499,339.43,314,310.86,21,15.00,6.116436479815494
2020/05/02,13.26,1.44,7285,7322.71,279,380.57,324,326.43,10,15.57,6.4227895519081635
2020/05/03,13.26,1.44,7668,7715.86,383,393.14,340,343.43,16,17.00,6.757279097545632
2020/05/04,13.30,1.44,7973,8137.14,305,421.29,358,359.71,18,16.29,7.0776020271325715
2020/05/05,13.39,1.44,8613,8572.14,640,435.00,378,376.00,20,16.29,7.398121715275769
2020/05/06,13.46,1.43,8959,9030.71,346,458.57,397,393.29,19,17.29,7.738317259044701
2020/05/07,13.60,1.43,9456,9515.71,497,485.00,407,410.86,10,17.57,8.084022042388836
2020/05/08,13.80,1.42,10051,10035.71,595,520.00,428,428.14,21,17.29,8.42402082760151
2020/05/09,14.01,1.41,10495,10558.43,444,522.71,445,444.57,17,16.43,8.74729513553231
2020/05/10,14.33,1.40,11063,11125.71,568,567.29,463,460.57,18,16.00,9.062108825544046
2020/05/11,14.75,1.39,11613,11719.14,550,593.43,479,477.43,16,16.86,9.393843751393911
2020/05/12,15.09,1.38,12272,12314.14,659,595.00,493,494.29,14,16.86,9.725578677243776
2020/05/13,15.43,1.37,12930,12949.00,658,634.86,509,511.00,16,16.71,10.054362224749783
2020/05/14,15.65,1.36,13610,13593.43,680,644.43,525,526.86,16,15.86,10.366421294973915
2020/05/15,15.92,1.36,14216,14262.29,606,668.86,546,543.00,21,16.14,10.683989604773252
2020/05/16,16.01,1.35,14939,14928.43,723,666.14,562,560.14,16,17.14,11.021233770198322
2020/05/17,16.02,1.35,15574,15608.00,635,679.57,574,577.43,12,17.29,11.361429313967253
2020/05/18,16.22,1.35,16295,16282.29,721,674.29,592,595.57,18,18.14,11.71834933501806
2020/05/19,16.34,1.35,16935,16984.43,640,702.14,613,615.00,21,19.43,12.100651209826058
2020/05/20,16.51,1.34,17687,17732.71,752,748.29,630,635.43,17,20.43,12.502628940259791
2020/05/21,17.00,1.33,18330,18532.86,643,800.14,652,657.29,22,21.86,12.932743144238325
2020/05/22,17.05,1.33,19131,19345.14,801,812.29,682,679.86,30,22.57,13.376827205711129
2020/05/23,17.20,1.33,20177,20212.00,1046,866.86,705,703.14,23,23.29,13.834881124678203
2020/05/24,17.42,1.32,21175,21128.71,998,916.71,727,727.86,22,24.71,14.321268275746334
2020/05/25,16.93,1.33,21981,21958.86,806,830.14,750,753.71,23,25.86,14.829889143671544
2020/05/26,16.14,1.35,23003,22855.29,1022,896.43,776,778.43,26,24.71,15.316276294739671
