Date,Td,R0,Cases(Tot.),Cases(7Ave.),Cases(Day),Cases(7Ave.Day),Deaths(Tot.),Death(7Ave.),Death(Day),Death(7Ave.Day),Death/Mil.pop(7Ave.Day)
2020/01/27,NG,NG,0,0.00,0,0.00,0,0.00,0,0.00,0.0
2020/01/28,NG,NG,0,0.00,0,0.00,0,0.00,0,0.00,0.0
2020/01/29,NG,NG,0,0.00,0,0.00,0,0.00,0,0.00,0.0
2020/01/30,NG,NG,0,0.00,0,0.00,0,0.00,0,0.00,0.0
2020/01/31,NG,NG,0,0.00,0,0.00,0,0.00,0,0.00,0.0
2020/02/01,NG,NG,0,0.00,0,0.00,0,0.00,0,0.00,0.0
2020/02/02,NG,NG,0,0.00,0,0.00,0,0.00,0,0.00,0.0
2020/02/03,NG,NG,0,0.00,0,0.00,0,0.00,0,0.00,0.0
2020/02/04,NG,NG,0,0.00,0,0.00,0,0.00,0,0.00,0.0
2020/02/05,NG,NG,0,0.00,0,0.00,0,0.00,0,0.00,0.0
2020/02/06,NG,NG,0,0.00,0,0.00,0,0.00,0,0.00,0.0
2020/02/07,NG,NG,0,0.00,0,0.00,0,0.00,0,0.00,0.0
2020/02/08,NG,NG,0,0.00,0,0.00,0,0.00,0,0.00,0.0
2020/02/09,NG,NG,0,0.00,0,0.00,0,0.00,0,0.00,0.0
2020/02/10,NG,NG,0,0.00,0,0.00,0,0.00,0,0.00,0.0
2020/02/11,NG,NG,0,0.00,0,0.00,0,0.00,0,0.00,0.0
2020/02/12,NG,NG,0,0.00,0,0.00,0,0.00,0,0.00,0.0
2020/02/13,NG,NG,0,0.00,0,0.00,0,0.00,0,0.00,0.0
2020/02/14,NG,NG,0,0.00,0,0.00,0,0.00,0,0.00,0.0
2020/02/15,NG,NG,0,0.00,0,0.00,0,0.00,0,0.00,0.0
2020/02/16,NG,NG,0,0.00,0,0.00,0,0.00,0,0.00,0.0
2020/02/17,NG,NG,0,0.00,0,0.00,0,0.00,0,0.00,0.0
2020/02/18,NG,NG,0,0.00,0,0.00,0,0.00,0,0.00,0.0
2020/02/19,NG,NG,0,0.00,0,0.00,0,0.00,0,0.00,0.0
2020/02/20,NG,NG,0,0.00,0,0.00,0,0.00,0,0.00,0.0
2020/02/21,NG,NG,0,0.00,0,0.00,0,0.00,0,0.00,0.0
2020/02/22,NG,NG,0,0.00,0,0.00,0,0.00,0,0.00,0.0
2020/02/23,NG,NG,0,0.00,0,0.00,0,0.00,0,0.00,0.0
2020/02/24,NG,NG,0,0.00,0,0.00,0,0.00,0,0.00,0.0
2020/02/25,NG,NG,0,0.00,0,0.00,0,0.00,0,0.00,0.0
2020/02/26,NG,NG,0,0.00,0,0.00,0,0.00,0,0.00,0.0
2020/02/27,NG,NG,0,0.00,0,0.00,0,0.00,0,0.00,0.0
2020/02/28,NG,NG,0,0.00,0,0.00,0,0.00,0,0.00,0.0
2020/02/29,NG,NG,0,0.00,0,0.00,0,0.00,0,0.00,0.0
2020/03/01,NG,NG,0,0.00,0,0.00,0,0.00,0,0.00,0.0
2020/03/02,NG,NG,0,0.00,0,0.00,0,0.00,0,0.00,0.0
2020/03/03,NG,NG,0,0.00,0,0.00,0,0.00,0,0.00,0.0
2020/03/04,NG,NG,0,0.00,0,0.00,0,0.00,0,0.00,0.0
2020/03/05,NG,NG,0,0.00,0,0.00,0,0.00,0,0.00,0.0
2020/03/06,NG,NG,0,0.00,0,0.00,0,0.00,0,0.00,0.0
2020/03/07,NG,NG,0,0.00,0,0.00,0,0.00,0,0.00,0.0
2020/03/08,NG,NG,0,0.00,0,0.00,0,0.00,0,0.00,0.0
2020/03/09,1.40,32.00,0,0.14,0,0.14,0,0.14,0,0.14,0.1780830630286841
2020/03/10,1.67,18.27,0,0.29,0,0.14,0,0.29,0,0.14,0.36888634484513133
2020/03/11,1.82,14.38,0,0.43,0,0.14,0,0.43,0,0.14,0.5469694078738154
2020/03/12,2.29,8.32,1,1.00,1,0.57,1,0.57,1,0.14,0.7250524709024995
2020/03/13,2.54,6.75,1,1.57,0,0.57,1,0.71,0,0.14,0.9031355339311835
2020/03/14,3.50,4.00,1,2.57,0,1.00,1,0.86,0,0.14,1.0939388157476309
2020/03/15,4.71,2.80,4,3.57,3,1.00,1,1.00,0,0.14,1.272021878776315
2020/03/16,6.18,2.19,4,4.43,0,0.86,1,1.00,0,0.00,1.272021878776315
2020/03/17,8.39,1.78,7,5.29,3,0.86,1,1.00,0,0.00,1.272021878776315
2020/03/18,10.93,1.56,7,6.14,0,0.86,1,1.00,0,0.00,1.272021878776315
2020/03/19,NG,NG,7,8.29,0,2.14,1,1.00,0,0.00,1.272021878776315
2020/03/20,NG,NG,7,10.57,0,2.29,1,1.00,0,0.00,1.272021878776315
2020/03/21,NG,NG,7,10.29,0,-0.29,1,1.00,0,0.00,1.272021878776315
2020/03/22,NG,NG,19,10.00,12,-0.29,1,1.00,0,0.00,1.272021878776315
2020/03/23,32.18,1.16,20,9.71,1,-0.29,1,1.00,0,0.00,1.272021878776315
2020/03/24,12.60,1.47,5,9.43,-15,-0.29,1,1.00,0,0.00,1.272021878776315
2020/03/25,9.44,1.67,5,9.57,0,0.14,1,1.00,0,0.00,1.272021878776315
2020/03/26,5.87,2.29,5,8.00,0,-1.57,1,1.00,0,0.00,1.272021878776315
2020/03/27,3.94,3.43,5,6.29,0,-1.71,1,1.00,0,0.00,1.272021878776315
2020/03/28,3.99,3.37,8,7.29,3,1.00,1,1.14,0,0.14,1.450104941804999
2020/03/29,4.53,2.92,8,9.29,0,2.00,1,1.29,0,0.14,1.6409082236214463
2020/03/30,5.01,2.63,8,11.29,0,2.00,1,1.71,0,0.43,2.1751574127074984
2020/03/31,5.86,2.29,12,13.86,4,2.57,2,2.14,1,0.43,2.7221268205813143
2020/04/01,6.23,2.18,19,16.00,7,2.14,2,2.57,0,0.43,3.2690962284551293
2020/04/02,6.67,2.07,19,18.29,0,2.29,4,3.00,2,0.43,3.8160656363289447
2020/04/03,7.90,1.85,23,21.57,4,3.29,4,3.43,0,0.43,4.363035044202761
2020/04/04,9.11,1.70,23,24.57,0,3.00,4,3.86,0,0.43,4.910004452076575
2020/04/05,9.84,1.64,24,27.14,1,2.57,4,4.43,0,0.57,5.635056922979075
2020/04/06,10.58,1.58,31,29.71,7,2.57,4,4.71,0,0.29,5.991223049036443
2020/04/07,10.33,1.60,33,31.71,2,2.00,5,5.00,1,0.29,6.360109393881575
2020/04/08,11.43,1.53,37,34.86,4,3.14,6,5.29,1,0.29,6.728995738726706
2020/04/09,12.32,1.48,37,37.86,0,3.00,6,5.57,0,0.29,7.085161864784075
2020/04/10,12.37,1.48,37,39.86,0,2.00,6,5.86,0,0.29,7.454048209629206
2020/04/11,12.50,1.47,45,41.86,8,2.00,6,6.00,0,0.14,7.632131272657889
2020/04/12,13.63,1.43,45,44.43,0,2.57,6,6.00,0,0.00,7.632131272657889
2020/04/13,14.57,1.40,45,47.00,0,2.57,6,6.00,0,0.00,7.632131272657889
2020/04/14,17.42,1.32,47,50.71,2,3.71,6,6.00,0,0.00,7.632131272657889
2020/04/15,19.40,1.28,55,53.29,8,2.57,6,6.00,0,0.00,7.632131272657889
2020/04/16,22.41,1.24,55,56.14,0,2.86,6,6.14,0,0.14,7.810214335686573
2020/04/17,26.21,1.20,63,59.00,8,2.86,6,6.29,0,0.14,8.00101761750302
2020/04/18,31.07,1.17,63,61.71,0,2.71,6,6.43,0,0.14,8.179100680531704
2020/04/19,32.30,1.16,65,63.43,2,1.71,7,6.57,1,0.14,8.35718374356039
2020/04/20,34.64,1.15,65,65.57,0,2.14,7,6.71,0,0.14,8.535266806589073
2020/04/21,35.85,1.14,66,67.00,1,1.43,7,6.86,0,0.14,8.726070088405521
2020/04/22,37.07,1.14,67,68.43,1,1.43,7,7.00,0,0.14,8.904153151434205
2020/04/23,38.24,1.14,70,69.71,3,1.29,7,7.14,0,0.14,9.082236214462888
2020/04/24,34.53,1.15,73,71.00,3,1.29,7,7.29,0,0.14,9.273039496279337
2020/04/25,30.84,1.17,73,72.14,0,1.14,7,7.43,0,0.14,9.45112255930802
2020/04/26,30.17,1.17,74,73.71,1,1.57,8,7.57,1,0.14,9.629205622336704
2020/04/27,31.16,1.17,74,75.43,0,1.71,8,7.86,0,0.29,9.998091967181836
2020/04/28,30.67,1.17,74,76.71,0,1.29,8,8.14,0,0.29,10.354258093239205
2020/04/29,30.25,1.17,78,78.00,4,1.29,8,8.43,0,0.29,10.723144438084335
2020/04/30,27.02,1.20,82,79.14,4,1.14,9,8.57,1,0.14,10.90122750111302
2020/05/01,28.05,1.19,82,81.71,0,2.57,9,8.71,0,0.14,11.079310564141704
2020/05/02,28.67,1.18,82,84.43,0,2.71,9,9.00,0,0.29,11.448196908986834
2020/05/03,28.14,1.19,82,86.57,0,2.14,9,9.29,0,0.29,11.817083253831965
2020/05/04,26.69,1.20,92,88.14,10,1.57,9,9.43,0,0.14,11.995166316860649
2020/05/05,25.30,1.21,93,89.86,1,1.71,10,9.57,1,0.14,12.173249379889334
2020/05/06,23.94,1.22,93,91.57,0,1.71,10,9.71,0,0.14,12.35133244291802
2020/05/07,26.17,1.20,93,94.71,0,3.14,10,9.86,0,0.14,12.542135724734464
2020/05/08,27.16,1.20,94,97.14,1,2.43,10,10.00,0,0.14,12.72021878776315
2020/05/09,29.53,1.18,94,100.00,0,2.86,10,10.00,0,0.00,12.72021878776315
2020/05/10,32.23,1.16,104,102.86,10,2.86,10,10.00,0,0.00,12.72021878776315
2020/05/11,34.71,1.15,109,105.71,5,2.86,10,10.00,0,0.00,12.72021878776315
2020/05/12,39.36,1.13,113,108.86,4,3.14,10,10.00,0,0.00,12.72021878776315
2020/05/13,46.16,1.11,113,112.14,0,3.29,10,10.00,0,0.00,12.72021878776315
2020/05/14,44.48,1.12,113,114.00,0,1.86,10,10.00,0,0.00,12.72021878776315
2020/05/15,46.20,1.11,116,116.14,3,2.14,10,10.00,0,0.00,12.72021878776315
2020/05/16,45.90,1.11,117,117.86,1,1.71,10,10.00,0,0.00,12.72021878776315
2020/05/17,45.58,1.11,117,119.57,0,1.71,10,10.00,0,0.00,12.72021878776315
2020/05/18,42.45,1.12,124,121.57,7,2.00,10,10.00,0,0.00,12.72021878776315
2020/05/19,38.74,1.13,125,123.14,1,1.57,10,10.00,0,0.00,12.72021878776315
2020/05/20,34.92,1.15,125,124.57,0,1.43,10,10.00,0,0.00,12.72021878776315
