Date,Td,R0,Cases(Tot.),Cases(7Ave.),Cases(Day),Cases(7Ave.Day),Deaths(Tot.),Death(7Ave.),Death(Day),Death(7Ave.Day),Death/Mil.pop(7Ave.Day)
2020/01/27,NG,NG,0,0.00,0,0.00,0,0.00,0,0.00,0.0
2020/01/28,NG,NG,0,0.00,0,0.00,0,0.00,0,0.00,0.0
2020/01/29,NG,NG,0,0.00,0,0.00,0,0.00,0,0.00,0.0
2020/01/30,NG,NG,0,0.00,0,0.00,0,0.00,0,0.00,0.0
2020/01/31,NG,NG,0,0.00,0,0.00,0,0.00,0,0.00,0.0
2020/02/01,NG,NG,0,0.00,0,0.00,0,0.00,0,0.00,0.0
2020/02/02,NG,NG,0,0.00,0,0.00,0,0.00,0,0.00,0.0
2020/02/03,NG,NG,0,0.00,0,0.00,0,0.00,0,0.00,0.0
2020/02/04,NG,NG,0,0.00,0,0.00,0,0.00,0,0.00,0.0
2020/02/05,NG,NG,0,0.00,0,0.00,0,0.00,0,0.00,0.0
2020/02/06,NG,NG,0,0.00,0,0.00,0,0.00,0,0.00,0.0
2020/02/07,NG,NG,0,0.00,0,0.00,0,0.00,0,0.00,0.0
2020/02/08,NG,NG,0,0.00,0,0.00,0,0.00,0,0.00,0.0
2020/02/09,NG,NG,0,0.00,0,0.00,0,0.00,0,0.00,0.0
2020/02/10,NG,NG,0,0.00,0,0.00,0,0.00,0,0.00,0.0
2020/02/11,NG,NG,0,0.00,0,0.00,0,0.00,0,0.00,0.0
2020/02/12,NG,NG,0,0.00,0,0.00,0,0.00,0,0.00,0.0
2020/02/13,NG,NG,0,0.00,0,0.00,0,0.00,0,0.00,0.0
2020/02/14,NG,NG,0,0.00,0,0.00,0,0.00,0,0.00,0.0
2020/02/15,NG,NG,0,0.00,0,0.00,0,0.00,0,0.00,0.0
2020/02/16,NG,NG,0,0.00,0,0.00,0,0.00,0,0.00,0.0
2020/02/17,NG,NG,0,0.00,0,0.00,0,0.00,0,0.00,0.0
2020/02/18,NG,NG,0,0.00,0,0.00,0,0.00,0,0.00,0.0
2020/02/19,NG,NG,0,0.00,0,0.00,0,0.00,0,0.00,0.0
2020/02/20,NG,NG,0,0.00,0,0.00,0,0.00,0,0.00,0.0
2020/02/21,NG,NG,0,0.00,0,0.00,0,0.00,0,0.00,0.0
2020/02/22,NG,NG,0,0.00,0,0.00,0,0.00,0,0.00,0.0
2020/02/23,NG,NG,0,0.00,0,0.00,0,0.00,0,0.00,0.0
2020/02/24,NG,NG,0,0.00,0,0.00,0,0.00,0,0.00,0.0
2020/02/25,NG,NG,0,0.00,0,0.00,0,0.00,0,0.00,0.0
2020/02/26,NG,NG,0,0.00,0,0.00,0,0.00,0,0.00,0.0
2020/02/27,NG,NG,0,0.00,0,0.00,0,0.00,0,0.00,0.0
2020/02/28,NG,NG,0,0.00,0,0.00,0,0.00,0,0.00,0.0
2020/02/29,NG,NG,0,0.00,0,0.00,0,0.00,0,0.00,0.0
2020/03/01,1.55,22.88,0,0.29,0,0.29,0,0.00,0,0.00,0.0
2020/03/02,1.82,14.38,0,0.57,0,0.29,0,0.00,0,0.00,0.0
2020/03/03,1.93,12.35,0,0.86,0,0.29,0,0.00,0,0.00,0.0
2020/03/04,2.11,9.97,2,1.43,2,0.57,0,0.00,0,0.00,0.0
2020/03/05,2.43,7.36,2,2.43,0,1.00,0,0.00,0,0.00,0.0
2020/03/06,2.72,5.95,2,3.71,0,1.29,0,0.00,0,0.00,0.0
2020/03/07,2.82,5.59,4,5.00,2,1.29,0,0.00,0,0.00,0.0
2020/03/08,2.93,5.24,7,6.57,3,1.57,0,0.00,0,0.00,0.0
2020/03/09,2.92,5.27,9,8.14,2,1.57,0,0.00,0,0.00,0.0
2020/03/10,3.03,4.96,9,10.57,0,2.43,0,0.00,0,0.00,0.0
2020/03/11,3.28,4.39,13,14.29,4,3.71,0,0.00,0,0.00,0.0
2020/03/12,3.32,4.31,13,17.86,0,3.57,0,0.14,0,0.14,0.014488470075513907
2020/03/13,3.32,4.31,19,22.14,6,4.29,0,0.29,0,0.14,0.030011830870707374
2020/03/14,3.44,4.10,30,28.00,11,5.86,0,0.43,0,0.14,0.04450030094622128
2020/03/15,3.48,4.03,32,34.43,2,6.43,1,0.57,1,0.14,0.058988771021735185
2020/03/16,3.60,3.85,39,43.00,7,8.57,1,0.71,0,0.14,0.0734772410972491
2020/03/17,3.67,3.75,50,52.43,11,9.43,1,1.14,0,0.43,0.11797754204347037
2020/03/18,3.73,3.67,58,62.86,8,10.43,1,1.71,0,0.57,0.17696631306520558
2020/03/19,3.86,3.51,73,77.00,15,14.14,1,2.43,0,0.71,0.2514784448821343
2020/03/20,4.11,3.26,85,95.29,12,18.29,3,3.29,2,0.86,0.3404790467745768
2020/03/21,4.31,3.08,103,114.86,18,19.57,4,4.43,1,1.14,0.45845658881804713
2020/03/22,4.62,2.86,131,138.86,28,24.00,6,5.71,2,1.29,0.5909226009370314
2020/03/23,4.94,2.67,167,165.71,36,26.86,7,7.00,1,1.29,0.7244235037756953
2020/03/24,5.32,2.49,187,196.43,20,30.71,9,8.00,2,1.00,0.8279125757436518
2020/03/25,5.74,2.33,226,230.71,39,34.29,10,9.00,1,1.00,0.9314016477116083
2020/03/26,6.31,2.16,261,270.29,35,39.57,10,10.00,0,1.00,1.0348907196795647
2020/03/27,6.92,2.02,300,310.29,39,40.00,10,11.14,0,1.14,1.1528682617230352
2020/03/28,7.56,1.90,343,353.86,43,43.57,11,12.14,1,1.00,1.2563573336909917
2020/03/29,8.04,1.83,408,396.57,65,42.71,13,13.57,2,1.43,1.4043467066051694
2020/03/30,8.54,1.77,447,442.86,39,46.29,15,15.14,2,1.57,1.5668245495948612
2020/03/31,8.55,1.76,492,489.00,45,46.14,16,17.43,1,2.29,1.8038145244014814
2020/04/01,8.46,1.77,525,536.86,33,47.86,20,20.43,4,3.00,2.114281740305351
2020/04/02,8.26,1.80,585,583.29,60,46.43,21,23.43,1,3.00,2.4247489562092204
2020/04/03,7.96,1.84,623,625.71,38,42.43,26,26.71,5,3.29,2.7641931122641177
2020/04/04,7.81,1.86,678,672.14,55,46.43,32,31.14,6,4.43,3.222649701082165
2020/04/05,7.82,1.86,733,725.00,55,52.86,34,36.57,2,5.43,3.7845953618681683
2020/04/06,7.90,1.85,744,781.43,11,56.43,38,43.00,4,6.43,4.450030094622129
2020/04/07,8.50,1.77,817,862.43,73,81.00,47,50.29,9,7.29,5.204465429268531
2020/04/08,9.35,1.68,895,952.71,78,90.29,58,57.86,11,7.57,5.987877704065961
2020/04/09,10.40,1.59,980,1049.43,85,96.71,66,67.14,8,9.29,6.9482562919285975
2020/04/10,11.61,1.52,1190,1151.43,210,102.00,77,77.29,11,10.14,7.998670372403357
2020/04/11,12.71,1.46,1310,1250.71,120,99.29,85,88.00,8,10.71,9.107038333180169
2020/04/12,13.80,1.42,1410,1348.43,100,97.71,99,98.86,14,10.86,10.230929654752178
2020/04/13,14.76,1.39,1458,1444.43,48,96.00,109,109.71,10,10.86,11.353786085604504
2020/04/14,15.12,1.38,1512,1526.29,54,81.86,122,121.00,13,11.29,12.522177708122733
2020/04/15,15.47,1.37,1579,1601.14,67,74.86,134,133.43,12,12.43,13.808546872684433
2020/04/16,15.82,1.36,1652,1673.43,73,72.29,142,146.29,8,12.86,15.139416338192351
2020/04/17,16.18,1.35,1763,1748.57,111,75.14,156,159.14,14,12.86,16.46925091298059
2020/04/18,16.97,1.33,1834,1832.29,71,83.71,172,172.14,16,13.00,17.814608848564028
2020/04/19,17.76,1.31,1916,1916.43,82,84.14,189,185.14,17,13.00,19.15996678414746
2020/04/20,19.06,1.29,1984,2006.71,68,90.29,199,199.00,10,13.86,20.594325321623337
2020/04/21,21.07,1.26,2098,2103.86,114,97.14,213,214.14,14,15.14,22.1611498712182
2020/04/22,22.43,1.24,2168,2190.86,70,87.00,225,227.00,12,12.86,23.49201933672612
2020/04/23,23.70,1.23,2284,2274.29,116,83.43,239,238.86,14,11.86,24.719399730266087
2020/04/24,25.45,1.21,2443,2359.86,159,85.57,262,250.43,23,11.57,25.91676829293534
2020/04/25,27.19,1.20,2443,2438.57,0,78.71,262,261.57,0,11.14,27.069636554658373
2020/04/26,29.43,1.18,2500,2518.43,57,79.86,272,272.29,10,10.71,28.17903940615487
2020/04/27,31.25,1.17,2583,2588.57,83,70.14,280,282.71,8,10.43,29.257395536060972
2020/04/28,32.97,1.16,2649,2648.57,66,60.00,291,291.43,11,8.71,30.159820243621557
2020/04/29,36.45,1.14,2727,2719.86,78,71.29,300,301.86,9,10.43,31.23921126424734
2020/04/30,40.63,1.13,2775,2791.00,48,71.14,312,311.57,12,9.71,32.2440901530562
2020/05/01,45.01,1.11,2863,2855.57,88,64.57,323,321.71,11,10.14,33.29346934281128
2020/05/02,49.38,1.10,2942,2915.00,79,59.43,335,332.00,12,10.29,34.35837189336155
2020/05/03,54.04,1.09,2998,2969.86,56,54.86,340,342.43,5,10.43,35.437762913987335
2020/05/04,59.19,1.09,3035,3023.43,37,53.57,351,352.57,11,10.14,36.487142103742414
2020/05/05,62.57,1.08,3065,3068.43,30,45.00,363,362.43,12,9.86,37.50754435334647
2020/05/06,63.71,1.08,3111,3107.14,46,38.71,373,372.43,10,10.00,38.54243507302603
2020/05/07,65.16,1.08,3150,3145.00,39,37.86,383,382.86,10,10.43,39.62182609365182
2020/05/08,65.79,1.08,3178,3180.57,28,35.57,392,392.86,9,10.00,40.656716813331386
2020/05/09,66.69,1.08,3213,3216.00,35,35.43,405,401.71,13,8.86,41.572595100247796
2020/05/10,66.33,1.08,3263,3248.86,50,32.86,413,409.86,8,8.14,42.41603103678664
2020/05/11,65.83,1.08,3284,3281.71,21,32.86,421,417.43,8,7.57,43.19944331158407
2020/05/12,65.70,1.08,3313,3315.86,29,34.14,425,424.57,4,7.14,43.93835528543528
2020/05/13,67.14,1.07,3341,3353.00,28,37.14,430,430.71,5,6.14,44.57377818731853
2020/05/14,68.34,1.07,3380,3388.14,39,35.14,436,436.14,6,5.43,45.13572384810453
2020/05/15,70.21,1.07,3417,3424.00,37,35.86,442,442.00,6,5.86,45.74216980983676
2020/05/16,72.03,1.07,3473,3458.71,56,34.71,448,448.00,6,6.00,46.3631042416445
2020/05/17,75.46,1.07,3509,3495.43,36,36.71,451,453.71,3,5.71,46.95402684258153
2020/05/18,80.36,1.06,3535,3532.71,26,37.29,462,459.00,11,5.29,47.50148403329202
2020/05/19,86.55,1.06,3556,3570.00,21,37.29,467,463.86,5,4.86,48.00444092305629
2020/05/20,92.75,1.05,3598,3604.29,42,34.29,470,468.71,3,4.86,48.50636292210088
2020/05/21,100.61,1.05,3641,3637.43,43,33.14,473,473.71,3,5.00,49.02380828194066
2020/05/22,108.64,1.05,3678,3669.00,37,31.57,476,477.86,3,4.14,49.45328793060768
2020/05/23,115.82,1.04,3713,3699.71,35,30.71,482,482.43,6,4.57,49.926232989501244
2020/05/24,122.87,1.04,3741,3727.57,28,27.86,486,487.43,4,5.00,50.44367834934103
2020/05/25,128.10,1.04,3756,3752.57,15,25.00,491,492.57,5,5.14,50.97561217925632
2020/05/26,133.27,1.04,3771,3775.86,15,23.29,499,498.43,8,5.86,51.58205814098854
