Date,Td,R0,Cases(Tot.),Cases(7Ave.),Cases(Day),Cases(7Ave.Day),Deaths(Tot.),Death(7Ave.),Death(Day),Death(7Ave.Day),Death/Mil.pop(7Ave.Day)
2020/01/27,NG,NG,0,0.00,0,0.00,0,0.00,0,0.00,0.0
2020/01/28,NG,NG,0,0.00,0,0.00,0,0.00,0,0.00,0.0
2020/01/29,NG,NG,0,0.00,0,0.00,0,0.00,0,0.00,0.0
2020/01/30,NG,NG,0,0.00,0,0.00,0,0.00,0,0.00,0.0
2020/01/31,NG,NG,0,0.00,0,0.00,0,0.00,0,0.00,0.0
2020/02/01,NG,NG,0,0.00,0,0.00,0,0.00,0,0.00,0.0
2020/02/02,NG,NG,0,0.00,0,0.00,0,0.00,0,0.00,0.0
2020/02/03,NG,NG,0,0.00,0,0.00,0,0.00,0,0.00,0.0
2020/02/04,NG,NG,0,0.00,0,0.00,0,0.00,0,0.00,0.0
2020/02/05,NG,NG,0,0.00,0,0.00,0,0.00,0,0.00,0.0
2020/02/06,NG,NG,0,0.00,0,0.00,0,0.00,0,0.00,0.0
2020/02/07,NG,NG,0,0.00,0,0.00,0,0.00,0,0.00,0.0
2020/02/08,NG,NG,0,0.00,0,0.00,0,0.00,0,0.00,0.0
2020/02/09,NG,NG,0,0.00,0,0.00,0,0.00,0,0.00,0.0
2020/02/10,NG,NG,0,0.00,0,0.00,0,0.00,0,0.00,0.0
2020/02/11,NG,NG,0,0.00,0,0.00,0,0.00,0,0.00,0.0
2020/02/12,NG,NG,0,0.00,0,0.00,0,0.00,0,0.00,0.0
2020/02/13,NG,NG,0,0.00,0,0.00,0,0.00,0,0.00,0.0
2020/02/14,NG,NG,0,0.00,0,0.00,0,0.00,0,0.00,0.0
2020/02/15,NG,NG,0,0.00,0,0.00,0,0.00,0,0.00,0.0
2020/02/16,0.92,195.18,0,0.29,0,0.29,0,0.29,0,0.29,0.0034575511850810335
2020/02/17,1.08,89.36,0,1.00,0,0.71,0,0.57,0,0.29,0.006795876467228238
2020/02/18,1.32,39.48,0,3.57,0,2.57,0,1.14,0,0.57,0.013591752934456476
2020/02/19,1.43,29.76,2,7.57,2,4.00,2,1.86,2,0.71,0.02217601794569215
2020/02/20,1.49,25.96,5,13.71,3,6.14,2,3.00,0,1.14,0.035767770880148625
2020/02/21,1.51,24.86,18,22.43,13,8.71,4,4.71,2,1.71,0.05615540028183334
2020/02/22,1.52,24.34,28,36.00,10,13.57,5,7.00,1,2.29,0.08345813205368012
2020/02/23,1.55,22.88,43,55.57,15,19.57,8,9.43,3,2.43,0.11243002646660051
2020/02/24,1.64,19.27,61,89.86,18,34.29,12,12.86,4,3.43,0.15332451117290377
2020/02/25,1.73,16.52,95,142.71,34,52.86,16,17.14,4,4.29,0.20435319762858248
2020/02/26,1.84,13.97,139,223.43,44,80.71,19,22.57,3,5.43,0.26909286292165147
2020/02/27,2.03,10.92,245,357.00,106,133.57,26,29.14,7,6.57,0.347424281149177
2020/02/28,2.28,8.40,388,562.71,143,205.71,34,36.86,8,7.71,0.43946667821409274
2020/02/29,2.64,6.28,593,882.86,205,320.14,43,45.57,9,8.71,0.5433124396694576
2020/03/01,3.01,5.01,978,1280.43,385,397.57,54,56.00,11,10.43,0.667665056429441
2020/03/02,3.38,4.20,1501,1747.29,523,466.86,66,67.57,12,11.57,0.8056094261238808
2020/03/03,3.87,3.50,2336,2370.00,835,622.71,77,80.43,11,12.86,0.9589339372967847
2020/03/04,4.45,2.98,2922,3117.14,586,747.14,92,95.00,15,14.57,1.1326460778713732
2020/03/05,5.00,2.64,3513,3915.43,591,798.29,107,115.00,15,20.00,1.3710978837390306
2020/03/06,5.48,2.42,4747,4724.00,1234,808.57,124,139.43,17,24.43,1.6623667646063742
2020/03/07,5.90,2.28,5823,5539.14,1076,815.14,145,170.00,21,30.57,2.026840349875089
2020/03/08,6.32,2.15,6566,6407.43,743,868.29,194,207.43,49,37.43,2.4731029045564097
2020/03/09,6.80,2.04,7161,7344.86,595,937.43,237,253.43,43,46.00,3.021542058052022
2020/03/10,7.26,1.95,8042,8290.14,881,945.29,291,309.14,54,55.71,3.685749563296382
2020/03/11,7.78,1.87,9000,9276.71,958,986.57,354,375.71,63,66.57,4.47943639912688
2020/03/12,8.40,1.78,10075,10329.86,1075,1053.14,429,451.43,75,75.71,5.382214936141831
2020/03/13,9.06,1.71,11364,11448.43,1289,1118.57,514,539.43,85,88.00,6.4314028819595235
2020/03/14,9.70,1.65,12729,12609.43,1365,1161.00,611,639.00,97,99.57,7.618535197471657
2020/03/15,10.24,1.61,13938,13803.86,1209,1194.43,724,750.57,113,111.57,8.948738596504384
2020/03/16,10.56,1.58,14991,14994.14,1053,1190.29,853,872.71,129,122.14,10.40496377493817
2020/03/17,10.61,1.58,16169,16177.00,1178,1182.86,988,1004.00,135,131.29,11.970280654556406
2020/03/18,10.34,1.60,17361,17302.86,1192,1125.86,1135,1139.00,147,135.00,13.579830344163094
2020/03/19,9.90,1.63,18407,18402.86,1046,1100.00,1284,1276.29,149,137.29,15.216682765541629
2020/03/20,9.45,1.67,19644,19554.00,1237,1151.14,1433,1413.29,149,137.00,16.850077635735083
2020/03/21,9.06,1.71,20610,20788.57,966,1234.57,1556,1548.43,123,135.14,18.461296487982846
2020/03/22,8.81,1.73,21638,22168.00,1028,1379.43,1685,1683.00,129,134.57,20.06571946376338
2020/03/23,8.70,1.75,23049,23739.29,1411,1571.29,1812,1818.71,127,135.71,21.68373419247837
2020/03/24,8.77,1.74,24811,25551.86,1762,1812.57,1934,1953.71,122,135.00,23.293283882085056
2020/03/25,9.03,1.71,27017,27665.86,2206,2114.00,2077,2091.00,143,137.29,24.93013630346359
2020/03/26,9.46,1.67,29406,30047.43,2389,2381.57,2234,2227.43,157,136.43,26.556735297189814
2020/03/27,10.07,1.62,32332,32682.57,2926,2635.14,2378,2362.43,144,135.00,28.166284986796505
2020/03/28,10.88,1.56,35408,35510.29,3076,2827.71,2517,2500.14,139,137.71,29.80814489609826
2020/03/29,11.85,1.51,38309,38449.71,2901,2939.43,2640,2637.14,123,137.00,31.441539766291715
2020/03/30,13.04,1.45,41495,41458.57,3186,3008.86,2757,2769.43,117,132.29,33.018779236203336
2020/03/31,14.36,1.40,44605,44437.29,3110,2978.71,2898,2900.29,141,130.86,34.578969401995415
2020/04/01,15.82,1.36,47593,47342.29,2988,2905.00,3036,3033.86,138,133.57,36.17146978748257
2020/04/02,17.47,1.32,50468,50187.57,2875,2845.29,3160,3171.43,124,137.57,37.81166053414325
2020/04/03,19.23,1.29,53183,52902.57,2715,2715.00,3294,3311.71,134,140.29,39.484161500499
2020/04/04,21.06,1.26,55743,55471.71,2560,2569.14,3452,3450.86,158,139.14,41.14318993982323
2020/04/05,22.95,1.24,58226,57899.29,2483,2427.57,3603,3587.57,151,136.71,42.7731272588316
2020/04/06,24.69,1.22,60500,60149.57,2274,2250.29,3739,3723.29,136,135.71,44.391261213449525
2020/04/07,26.47,1.20,62589,62293.71,2089,2144.14,3872,3857.29,133,134.00,45.98888831276283
2020/04/08,28.29,1.19,64586,64334.57,1997,2040.86,3993,3986.57,121,129.29,47.53024078589137
2020/04/09,30.03,1.18,66220,66257.43,1634,1922.86,4110,4111.00,117,124.43,49.013768696096996
2020/04/10,31.74,1.17,68192,68086.43,1972,1829.00,4232,4231.86,122,120.86,50.45473295895525
2020/04/11,33.43,1.16,70029,69841.86,1837,1755.43,4357,4347.71,125,115.86,51.83596504444366
2020/04/12,35.12,1.15,71686,71528.00,1657,1686.14,4474,4459.71,117,112.00,53.171295157302545
2020/04/13,37.18,1.14,73303,73210.14,1617,1682.14,4585,4568.14,111,108.43,54.46406162281405
2020/04/14,39.30,1.13,74877,74824.71,1574,1614.57,4683,4671.86,98,103.71,55.70067268804372
2020/04/15,41.41,1.12,76389,76373.14,1512,1548.43,4777,4768.14,94,96.29,56.84857968149063
2020/04/16,43.58,1.12,77995,77876.71,1606,1503.57,4869,4860.14,92,92.00,57.94545798848185
2020/04/17,45.87,1.11,79494,79334.14,1499,1457.43,4958,4949.29,89,89.14,59.00835691313693
2020/04/18,48.24,1.11,80868,80752.00,1374,1417.86,5031,5037.00,73,87.71,60.05408730776954
2020/04/19,50.59,1.10,82211,82124.43,1343,1372.43,5118,5124.71,87,87.71,61.099817702402156
2020/04/20,52.57,1.10,83505,83414.57,1294,1290.14,5209,5212.14,91,87.43,62.14220977175262
2020/04/21,54.47,1.09,84802,84657.43,1297,1242.86,5297,5300.14,88,88.00,63.19139771757032
2020/04/22,56.53,1.09,85996,85866.00,1194,1208.57,5391,5388.57,94,88.43,64.24571237721416
2020/04/23,58.67,1.09,87026,87047.43,1030,1181.43,5481,5473.14,90,84.57,65.25400583832555
2020/04/24,60.27,1.08,88194,88185.57,1168,1138.14,5574,5558.43,93,85.29,66.27088356444818
2020/04/25,61.46,1.08,89328,89297.29,1134,1111.71,5650,5641.29,76,82.86,67.25878939615788
2020/04/26,61.80,1.08,90481,90391.71,1153,1094.43,5710,5722.14,60,80.86,68.2227308213779
2020/04/27,61.50,1.08,91472,91479.43,991,1087.71,5806,5800.29,96,78.14,69.15448125280575
2020/04/28,60.43,1.08,92584,92544.00,1112,1064.57,5877,5874.14,71,73.86,70.03496454597209
2020/04/29,58.33,1.09,93657,93561.14,1073,1017.14,5957,5946.43,80,72.29,70.89684859828073
2020/04/30,55.87,1.09,94640,94553.00,983,991.86,6028,6016.86,71,70.43,71.73655663264368
2020/05/01,53.50,1.09,95646,95578.00,1006,1025.00,6091,6084.14,63,67.29,72.53870850758248
2020/05/02,51.43,1.10,96448,96633.14,802,1055.14,6156,6150.29,65,66.14,73.32738785548976
2020/05/03,49.83,1.10,97424,97775.00,976,1141.86,6203,6216.14,47,65.86,74.11249042630902
2020/05/04,48.50,1.11,98647,98988.57,1223,1213.57,6277,6281.57,74,65.43,74.89258550920506
2020/05/05,47.32,1.11,99970,100280.71,1323,1292.14,6340,6345.86,63,64.29,75.65908883916664
2020/05/06,46.54,1.11,101650,101676.71,1680,1396.00,6418,6407.71,78,61.86,76.39650104881238
2020/05/07,45.83,1.11,103135,103130.86,1485,1454.14,6486,6470.14,68,62.43,77.14082836082828
2020/05/08,45.11,1.11,104691,104650.71,1556,1519.86,6541,6528.43,55,58.29,77.83579614902956
2020/05/09,44.21,1.12,106220,106193.14,1529,1542.43,6589,6584.57,48,56.14,78.50513036810007
2020/05/10,43.34,1.12,107603,107775.29,1383,1582.14,6640,6636.71,51,52.14,79.12677422599707
2020/05/11,42.43,1.12,109286,109403.57,1683,1628.29,6685,6689.29,45,52.57,79.75366402362313
2020/05/12,41.75,1.12,110767,111109.86,1481,1706.29,6733,6740.86,48,51.57,80.36851200505288
2020/05/13,41.17,1.13,112725,112848.71,1958,1738.86,6783,6790.57,50,49.71,80.96118396853694
2020/05/14,40.66,1.13,114533,114648.00,1808,1799.29,6854,6840.29,71,49.71,81.55397515792394
2020/05/15,40.53,1.13,116635,116534.57,2102,1886.57,6902,6893.43,48,53.14,82.18754160611431
2020/05/16,40.78,1.13,118392,118511.14,1757,1976.57,6937,6948.57,35,55.14,82.84495323489143
2020/05/17,41.28,1.12,120198,120543.14,1806,2032.00,6988,7005.71,51,57.14,83.52621004425534
2020/05/18,42.08,1.12,122492,122658.57,2294,2115.43,7057,7062.14,69,56.43,84.19900181451094
2020/05/19,42.77,1.12,124603,124803.86,2111,2145.29,7119,7119.00,62,56.86,84.8769202985927
2020/05/20,43.36,1.12,126949,126965.14,2346,2161.29,7183,7179.29,64,60.29,85.59573326738074
