Date,Td,R0,Cases(Tot.),Cases(7Ave.),Cases(Day),Cases(7Ave.Day),Deaths(Tot.),Death(7Ave.),Death(Day),Death(7Ave.Day),Death/Mil.pop(7Ave.Day)
2020/01/27,3.63,3.81,4,5.29,0,1.29,0,0.00,0,0.00,0.0
2020/01/28,4.39,3.02,7,7.14,3,1.86,0,0.00,0,0.00,0.0
2020/01/29,5.84,2.30,7,9.71,0,2.57,0,0.00,0,0.00,0.0
2020/01/30,7.39,1.93,11,12.00,4,2.29,0,0.00,0,0.00,0.0
2020/01/31,9.36,1.68,15,14.29,4,2.29,0,0.00,0,0.00,0.0
2020/02/01,12.06,1.50,20,16.43,5,2.14,0,0.00,0,0.00,0.0
2020/02/02,15.43,1.37,20,18.57,0,2.14,0,0.00,0,0.00,0.0
2020/02/03,18.21,1.31,20,20.14,0,1.57,0,0.00,0,0.00,0.0
2020/02/04,22.12,1.25,22,21.57,2,1.43,0,0.00,0,0.00,0.0
2020/02/05,17.46,1.32,22,22.29,0,0.71,0,0.00,0,0.00,0.0
2020/02/06,12.48,1.48,22,23.14,0,0.86,0,0.00,0,0.00,0.0
2020/02/07,9.56,1.66,25,24.00,3,0.86,0,0.00,0,0.00,0.0
2020/02/08,7.55,1.90,25,24.57,0,0.57,0,0.00,0,0.00,0.0
2020/02/09,6.33,2.15,26,25.43,1,0.86,0,0.00,0,0.00,0.0
2020/02/10,5.44,2.44,26,26.29,0,0.86,0,0.14,0,0.14,0.0011065802533931249
2020/02/11,4.73,2.79,26,26.86,0,0.57,0,0.29,0,0.14,0.002292201953457187
2020/02/12,4.51,2.93,28,29.43,2,2.57,0,0.43,0,0.14,0.003398782206850312
2020/02/13,4.56,2.90,28,34.14,0,4.71,1,0.57,1,0.14,0.004505362460243437
2020/02/14,4.69,2.81,29,39.86,1,5.71,1,0.71,0,0.14,0.005611942713636561
2020/02/15,4.90,2.69,43,46.71,14,6.86,1,0.86,0,0.14,0.006797564413700624
2020/02/16,5.13,2.57,59,54.71,16,8.00,1,1.00,0,0.14,0.007904144667093748
2020/02/17,5.38,2.46,66,64.14,7,9.43,1,1.00,0,0.00,0.007904144667093748
2020/02/18,5.70,2.34,74,75.00,8,10.86,1,1.00,0,0.00,0.007904144667093748
2020/02/19,6.04,2.23,84,86.29,10,11.29,1,1.00,0,0.00,0.007904144667093748
2020/02/20,6.52,2.10,94,98.86,10,12.57,1,1.00,0,0.00,0.007904144667093748
2020/02/21,6.99,2.00,105,112.14,11,13.29,1,1.00,0,0.00,0.007904144667093748
2020/02/22,7.42,1.92,122,125.86,17,13.71,1,1.00,0,0.00,0.007904144667093748
2020/02/23,7.80,1.86,147,140.86,25,15.00,1,1.14,0,0.14,0.009010724920486874
2020/02/24,8.31,1.79,159,158.00,12,17.14,1,1.57,0,0.43,0.012409507127337186
2020/02/25,8.50,1.77,170,175.57,11,17.57,1,2.00,0,0.43,0.015808289334187497
2020/02/26,8.44,1.78,189,192.57,19,17.00,2,2.57,1,0.57,0.020313651794430933
2020/02/27,8.16,1.81,214,208.14,25,15.57,4,3.29,2,0.71,0.026004635954738436
2020/02/28,8.02,1.83,228,224.57,14,16.43,4,4.00,0,0.71,0.031616578668374994
2020/02/29,7.77,1.87,241,242.14,13,17.57,5,4.71,1,0.71,0.037228521382011555
2020/03/01,7.61,1.89,256,262.43,15,20.29,6,5.29,1,0.57,0.04181292528892593
2020/03/02,7.61,1.89,274,283.29,18,20.86,6,5.57,0,0.29,0.04402608579571218
2020/03/03,7.85,1.86,293,310.71,19,27.43,6,5.86,0,0.29,0.04631828774916937
2020/03/04,8.14,1.81,331,342.14,38,31.43,6,6.00,0,0.14,0.047424868002562494
2020/03/05,8.47,1.77,360,377.29,29,35.14,6,6.00,0,0.00,0.047424868002562494
2020/03/06,8.75,1.74,420,411.14,60,33.86,6,6.57,0,0.57,0.05193023046280593
2020/03/07,9.39,1.68,461,452.29,41,41.14,6,7.14,0,0.57,0.056435592923049366
2020/03/08,10.33,1.60,502,496.29,41,44.00,6,8.43,0,1.29,0.0666319395436003
2020/03/09,10.96,1.56,511,536.14,9,39.86,10,9.86,4,1.43,0.07793486641754437
2020/03/10,11.71,1.51,581,576.29,70,40.14,10,11.71,0,1.86,0.0925575340516678
2020/03/11,12.85,1.46,639,620.86,58,44.57,15,14.00,5,2.29,0.11065802533931249
2020/03/12,14.13,1.41,639,669.00,0,48.14,16,16.29,1,2.29,0.12875851662695717
2020/03/13,15.24,1.37,701,715.86,62,46.86,19,18.71,3,2.43,0.14788654672132406
2020/03/14,15.88,1.36,773,758.29,72,42.43,22,21.43,3,2.71,0.16938582021581905
2020/03/15,15.36,1.37,839,794.00,66,35.71,22,23.43,0,2.00,0.18519410955000654
2020/03/16,14.93,1.38,839,834.71,0,40.71,27,25.29,5,1.86,0.19989581863080091
2020/03/17,14.20,1.41,878,872.14,39,37.43,29,27.29,2,2.00,0.2157041079649884
2020/03/18,12.74,1.46,889,905.57,11,33.43,29,29.14,0,1.86,0.23032677559911185
2020/03/19,11.56,1.52,924,943.00,35,37.43,29,31.86,0,2.71,0.25182604909360684
2020/03/20,10.84,1.56,963,984.29,39,41.29,33,34.00,4,2.14,0.2687409186811875
2020/03/21,10.30,1.60,1007,1029.29,44,45.00,35,36.00,2,2.00,0.284549208015375
2020/03/22,9.95,1.63,1101,1089.00,94,59.71,41,38.29,6,2.29,0.30264969930301966
2020/03/23,9.44,1.67,1128,1155.14,27,66.14,42,40.86,1,2.57,0.32296335109745056
2020/03/24,9.07,1.71,1193,1227.29,65,72.14,43,43.14,1,2.29,0.3409848009384243
2020/03/25,8.79,1.74,1307,1325.29,114,98.00,45,45.57,2,2.43,0.36019187247946216
2020/03/26,8.84,1.73,1387,1434.57,80,109.29,47,47.43,2,1.86,0.37489358156025654
2020/03/27,8.42,1.78,1468,1540.00,81,105.43,49,49.14,2,1.71,0.38840966894098683
2020/03/28,8.02,1.83,1693,1648.57,225,108.57,52,51.00,3,1.86,0.4031113780217812
2020/03/29,7.75,1.87,1866,1773.00,173,124.43,54,52.71,2,1.71,0.4166274654025115
2020/03/30,7.70,1.88,1866,1931.29,0,158.29,54,54.86,0,2.14,0.4336213764367631
2020/03/31,7.39,1.93,1953,2095.43,87,164.14,56,56.86,2,2.00,0.44942966577095056
2020/04/01,7.36,1.93,2178,2302.00,225,206.57,57,60.43,1,3.57,0.47764746223247523
2020/04/02,7.00,2.00,2495,2483.86,317,181.86,62,63.71,5,3.29,0.5035730567405428
2020/04/03,6.97,2.01,2617,2739.29,122,255.43,63,68.14,1,4.43,0.538588417615768
2020/04/04,7.01,2.00,3139,3018.29,522,279.00,77,73.29,14,5.14,0.5792947626513009
2020/04/05,7.08,1.98,3139,3315.29,0,297.00,77,78.43,0,5.14,0.6199220662401628
2020/04/06,7.15,1.97,3654,3625.57,515,310.29,85,83.00,8,4.57,0.6560440073687812
2020/04/07,7.45,1.92,3906,4041.71,252,416.14,92,88.14,7,5.14,0.696671310957643
2020/04/08,7.69,1.88,4257,4451.14,351,409.43,93,91.29,1,3.14,0.7215693666589884
2020/04/09,8.25,1.80,4667,4966.71,410,515.57,94,95.71,1,4.43,0.7565056860875427
2020/04/10,8.98,1.72,5530,5497.57,863,530.86,99,101.14,5,5.43,0.7994251916298618
2020/04/11,9.72,1.65,6005,6031.71,475,534.14,99,108.43,0,7.29,0.8570464062529752
2020/04/12,10.55,1.58,6748,6580.71,743,549.00,108,116.00,9,7.57,0.9168807813828749
2020/04/13,11.36,1.53,7370,7146.29,622,565.57,123,128.00,15,12.00,1.0117305173879998
2020/04/14,12.62,1.47,7645,7754.43,275,608.14,143,141.00,20,13.00,1.1144843980602186
2020/04/15,14.08,1.41,8100,8367.43,455,613.00,146,158.57,3,17.57,1.2533602198610558
2020/04/16,15.69,1.36,8626,8945.86,526,578.43,178,176.86,32,18.29,1.3979270258222005
2020/04/17,16.47,1.34,9787,9435.43,1161,489.57,190,193.00,12,16.14,1.5254999207490936
2020/04/18,17.84,1.31,10296,9934.00,509,498.57,222,210.14,32,17.14,1.6609769603430804
2020/04/19,19.42,1.28,10797,10421.43,501,487.43,236,229.43,14,19.29,1.8134479109713189
2020/04/20,22.26,1.24,10797,10956.00,0,534.57,236,250.86,0,21.43,1.982833731187138
2020/04/21,24.95,1.21,11135,11390.57,338,434.57,263,273.00,27,22.14,2.1578314941165937
2020/04/22,28.20,1.19,11512,11809.86,377,419.29,281,292.71,18,19.71,2.313622185505011
2020/04/23,31.29,1.17,12368,12187.57,856,377.71,328,312.14,47,19.43,2.467199716386643
2020/04/24,38.59,1.13,12829,12667.00,461,479.43,345,333.43,17,21.29,2.635478956349069
2020/04/25,43.40,1.12,13231,13038.57,402,371.57,360,352.14,15,18.71,2.7833655030703928
2020/04/26,48.89,1.10,13441,13379.00,210,340.43,372,371.00,12,18.86,2.932437671491781
2020/04/27,51.40,1.10,14153,13624.71,712,245.71,385,385.57,13,14.57,3.047601059291337
2020/04/28,53.27,1.10,13736,13835.57,-417,210.86,394,401.29,9,15.71,3.1718542134580505
2020/04/29,55.40,1.09,13895,14027.00,159,191.43,413,417.57,19,16.29,3.3005336886383367
2020/04/30,59.59,1.08,14088,14232.14,193,205.14,430,434.00,17,16.43,3.4303987855186873
2020/05/01,61.21,1.08,14305,14364.29,217,132.14,455,455.57,25,21.57,3.600891185987899
2020/05/02,68.49,1.07,14571,14581.00,266,216.71,474,478.71,19,23.14,3.7837930935844484
2020/05/03,74.80,1.07,14877,14775.00,306,194.00,487,499.14,13,20.43,3.945274769133174
2020/05/04,84.63,1.06,15078,14973.43,201,198.43,536,520.14,49,21.00,4.111261807142142
2020/05/05,95.27,1.05,15253,15154.86,175,181.43,556,539.43,20,19.29,4.263732757770381
2020/05/06,105.90,1.05,15253,15310.86,0,156.00,556,558.43,0,19.00,4.413911506445162
2020/05/07,115.59,1.04,15477,15439.43,224,128.57,577,578.00,21,19.57,4.568595617580187
2020/05/08,124.61,1.04,15575,15549.29,98,109.86,590,591.86,13,13.86,4.678147062666106
2020/05/09,135.11,1.04,15663,15651.43,88,102.14,607,606.29,17,14.43,4.792203870212269
2020/05/10,154.18,1.03,15777,15765.14,114,113.71,624,623.71,17,17.43,4.9298940703130425
2020/05/11,171.30,1.03,15847,15857.00,70,91.86,633,640.86,9,17.14,5.0654501513537005
2020/05/12,191.06,1.03,15968,15946.71,121,89.71,657,658.43,24,17.57,5.204325973154536
2020/05/13,212.12,1.02,16049,16028.71,81,82.00,678,675.29,21,16.86,5.337589852241737
2020/05/14,234.83,1.02,16120,16101.29,71,72.57,697,692.43,19,17.14,5.473066891835725
2020/05/15,255.33,1.02,16203,16166.71,83,65.43,713,709.00,16,16.57,5.604038568969468
2020/05/16,274.12,1.02,16237,16223.71,34,57.00,725,724.86,12,15.86,5.7293983033895755
2020/05/17,279.53,1.02,16285,16269.14,48,45.43,744,737.71,19,12.86,5.83096656236173
2020/05/18,299.65,1.02,16305,16312.57,20,43.43,749,749.14,5,11.43,5.921310935906611
2020/05/19,326.55,1.01,16367,16356.86,62,44.29,768,761.00,19,11.86,6.015054091658343
2020/05/20,351.63,1.01,16367,16399.57,0,42.71,768,772.86,0,11.86,6.108797247410075
