Date,Td,R0,Cases(Tot.),Cases(7Ave.),Cases(Day),Cases(7Ave.Day),Deaths(Tot.),Death(7Ave.),Death(Day),Death(7Ave.Day),Death/Mil.pop(7Ave.Day)
2020/01/27,NG,NG,0,0.00,0,0.00,0,0.00,0,0.00,0.0
2020/01/28,NG,NG,0,0.00,0,0.00,0,0.00,0,0.00,0.0
2020/01/29,NG,NG,0,0.00,0,0.00,0,0.00,0,0.00,0.0
2020/01/30,NG,NG,0,0.00,0,0.00,0,0.00,0,0.00,0.0
2020/01/31,NG,NG,0,0.00,0,0.00,0,0.00,0,0.00,0.0
2020/02/01,NG,NG,0,0.00,0,0.00,0,0.00,0,0.00,0.0
2020/02/02,NG,NG,0,0.00,0,0.00,0,0.00,0,0.00,0.0
2020/02/03,NG,NG,0,0.00,0,0.00,0,0.00,0,0.00,0.0
2020/02/04,NG,NG,0,0.00,0,0.00,0,0.00,0,0.00,0.0
2020/02/05,NG,NG,0,0.00,0,0.00,0,0.00,0,0.00,0.0
2020/02/06,NG,NG,0,0.00,0,0.00,0,0.00,0,0.00,0.0
2020/02/07,NG,NG,0,0.00,0,0.00,0,0.00,0,0.00,0.0
2020/02/08,NG,NG,0,0.00,0,0.00,0,0.00,0,0.00,0.0
2020/02/09,NG,NG,0,0.00,0,0.00,0,0.00,0,0.00,0.0
2020/02/10,NG,NG,0,0.00,0,0.00,0,0.00,0,0.00,0.0
2020/02/11,NG,NG,0,0.00,0,0.00,0,0.00,0,0.00,0.0
2020/02/12,NG,NG,0,0.00,0,0.00,0,0.00,0,0.00,0.0
2020/02/13,NG,NG,0,0.00,0,0.00,0,0.00,0,0.00,0.0
2020/02/14,NG,NG,0,0.00,0,0.00,0,0.00,0,0.00,0.0
2020/02/15,NG,NG,0,0.00,0,0.00,0,0.00,0,0.00,0.0
2020/02/16,NG,NG,0,0.00,0,0.00,0,0.00,0,0.00,0.0
2020/02/17,NG,NG,0,0.00,0,0.00,0,0.00,0,0.00,0.0
2020/02/18,NG,NG,0,0.00,0,0.00,0,0.00,0,0.00,0.0
2020/02/19,NG,NG,0,0.00,0,0.00,0,0.00,0,0.00,0.0
2020/02/20,NG,NG,0,0.00,0,0.00,0,0.00,0,0.00,0.0
2020/02/21,NG,NG,0,0.00,0,0.00,0,0.00,0,0.00,0.0
2020/02/22,NG,NG,0,0.00,0,0.00,0,0.00,0,0.00,0.0
2020/02/23,NG,NG,0,0.00,0,0.00,0,0.00,0,0.00,0.0
2020/02/24,NG,NG,0,0.00,0,0.00,0,0.00,0,0.00,0.0
2020/02/25,NG,NG,0,0.00,0,0.00,0,0.00,0,0.00,0.0
2020/02/26,NG,NG,0,0.00,0,0.00,0,0.00,0,0.00,0.0
2020/02/27,NG,NG,0,0.00,0,0.00,0,0.00,0,0.00,0.0
2020/02/28,NG,NG,0,0.00,0,0.00,0,0.00,0,0.00,0.0
2020/02/29,NG,NG,0,0.00,0,0.00,0,0.00,0,0.00,0.0
2020/03/01,NG,NG,0,0.00,0,0.00,0,0.00,0,0.00,0.0
2020/03/02,NG,NG,0,0.00,0,0.00,0,0.00,0,0.00,0.0
2020/03/03,NG,NG,0,0.00,0,0.00,0,0.00,0,0.00,0.0
2020/03/04,NG,NG,0,0.00,0,0.00,0,0.00,0,0.00,0.0
2020/03/05,NG,NG,0,0.00,0,0.00,0,0.00,0,0.00,0.0
2020/03/06,NG,NG,0,0.00,0,0.00,0,0.00,0,0.00,0.0
2020/03/07,NG,NG,0,0.00,0,0.00,0,0.00,0,0.00,0.0
2020/03/08,NG,NG,0,0.00,0,0.00,0,0.00,0,0.00,0.0
2020/03/09,NG,NG,0,0.00,0,0.00,0,0.00,0,0.00,0.0
2020/03/10,NG,NG,0,0.00,0,0.00,0,0.00,0,0.00,0.0
2020/03/11,NG,NG,0,0.00,0,0.00,0,0.00,0,0.00,0.0
2020/03/12,NG,NG,0,0.00,0,0.00,0,0.00,0,0.00,0.0
2020/03/13,NG,NG,0,0.00,0,0.00,0,0.00,0,0.00,0.0
2020/03/14,NG,NG,0,0.00,0,0.00,0,0.00,0,0.00,0.0
2020/03/15,NG,NG,0,0.00,0,0.00,0,0.00,0,0.00,0.0
2020/03/16,NG,NG,0,0.00,0,0.00,0,0.00,0,0.00,0.0
2020/03/17,NG,NG,0,0.00,0,0.00,0,0.00,0,0.00,0.0
2020/03/18,NG,NG,0,0.00,0,0.00,0,0.00,0,0.00,0.0
2020/03/19,NG,NG,0,0.00,0,0.00,0,0.00,0,0.00,0.0
2020/03/20,NG,NG,0,0.00,0,0.00,0,0.00,0,0.00,0.0
2020/03/21,NG,NG,0,0.00,0,0.00,0,0.00,0,0.00,0.0
2020/03/22,1.16,65.55,0,0.29,0,0.29,0,0.00,0,0.00,0.0
2020/03/23,1.46,27.75,0,0.86,0,0.57,0,0.00,0,0.00,0.0
2020/03/24,1.99,11.45,0,2.43,0,1.57,0,0.00,0,0.00,0.0
2020/03/25,2.65,6.24,2,5.00,2,2.57,0,0.00,0,0.00,0.0
2020/03/26,3.17,4.62,4,7.57,2,2.57,0,0.14,0,0.14,0.006937119176932613
2020/03/27,3.94,3.43,11,11.14,7,3.57,0,0.43,0,0.29,0.02130686604343588
2020/03/28,4.74,2.78,18,15.14,7,4.00,0,0.71,0,0.29,0.035181104397301106
2020/03/29,5.56,2.39,18,19.29,0,4.14,1,1.14,1,0.43,0.05648797044073698
2020/03/30,6.30,2.16,25,23.86,7,4.57,2,1.57,1,0.43,0.07779483648417287
2020/03/31,6.55,2.10,28,27.86,3,4.00,2,2.00,0,0.43,0.09910170252760875
2020/04/01,6.59,2.09,31,31.14,3,3.29,3,2.43,1,0.43,0.12040856857104464
2020/04/02,6.53,2.10,36,35.00,5,3.86,3,3.00,0,0.57,0.14865255379141312
2020/04/03,6.11,2.21,39,38.14,3,3.14,3,3.43,0,0.43,0.16995941983484902
2020/04/04,5.82,2.30,41,42.14,2,4.00,3,3.86,0,0.43,0.19126628587828487
2020/04/05,5.60,2.38,45,46.14,4,4.00,5,4.43,2,0.57,0.21951027109865337
2020/04/06,5.55,2.40,47,51.57,2,5.43,5,5.00,0,0.57,0.24775425631902187
2020/04/07,5.76,2.32,56,58.43,9,6.86,5,5.57,0,0.57,0.2759982415393904
2020/04/08,5.63,2.37,59,65.00,3,6.57,7,6.14,2,0.57,0.30424222675975887
2020/04/09,5.75,2.33,74,73.57,15,8.57,7,6.71,0,0.57,0.33248621198012734
2020/04/10,6.04,2.23,87,84.43,13,10.86,7,7.43,0,0.71,0.3681628248900665
2020/04/11,6.49,2.11,87,97.00,0,12.57,7,8.57,0,1.14,0.4246507953308035
2020/04/12,6.73,2.06,105,109.71,18,12.71,9,9.43,2,0.86,0.46726452741767527
2020/04/13,7.08,1.98,123,123.57,18,13.86,10,10.29,1,0.86,0.509878259504547
2020/04/14,7.15,1.97,144,135.57,21,12.00,13,11.14,3,0.86,0.5519964830787808
2020/04/15,7.70,1.88,148,154.00,4,18.43,13,12.00,0,0.86,0.5946102151656525
2020/04/16,8.03,1.83,171,171.00,23,17.00,13,12.71,0,0.71,0.6297913195629536
2020/04/17,8.40,1.78,171,188.57,0,17.57,13,13.29,0,0.57,0.6585308132959601
2020/04/18,8.62,1.76,216,204.86,45,16.29,13,13.43,0,0.14,0.6654679324728927
2020/04/19,9.00,1.71,224,225.57,8,20.71,14,14.00,1,0.57,0.6937119176932612
2020/04/20,9.33,1.68,246,245.29,22,19.71,14,15.14,0,1.14,0.7501998881339983
2020/04/21,9.79,1.64,258,267.29,12,22.00,14,16.29,0,1.14,0.8071833670873733
2020/04/22,10.29,1.60,293,289.29,35,22.00,17,17.43,3,1.14,0.8636713375281102
2020/04/23,10.89,1.56,309,312.86,16,23.57,21,18.71,4,1.29,0.9270964271457799
2020/04/24,11.47,1.53,325,336.00,16,23.14,21,20.00,0,1.29,0.9910170252760875
2020/04/25,11.95,1.50,370,359.71,45,23.71,21,21.43,0,1.43,1.0618747425833277
2020/04/26,13.03,1.45,389,386.71,19,27.00,23,22.57,2,1.14,1.1183627130240648
2020/04/27,13.96,1.42,408,412.57,19,25.86,23,23.29,0,0.71,1.1540393259340038
2020/04/28,14.95,1.38,424,438.71,16,26.14,24,24.00,1,0.71,1.189220430331305
2020/04/29,15.98,1.35,482,463.57,58,24.86,25,24.71,1,0.71,1.2244015347286061
2020/04/30,17.15,1.33,490,488.43,8,24.86,26,25.29,1,0.57,1.2531410284616127
2020/05/01,18.48,1.30,508,513.00,18,24.57,26,26.14,0,0.86,1.2952592520358464
2020/05/02,20.52,1.27,544,539.86,36,26.86,26,27.29,0,1.14,1.3522427309892213
2020/05/03,21.66,1.25,563,561.14,19,21.29,27,28.29,1,1.00,1.4017935822530256
2020/05/04,23.11,1.23,580,584.00,17,22.86,29,29.14,2,0.86,1.4439118058272595
2020/05/05,24.44,1.22,612,606.86,32,22.86,32,30.43,3,1.29,1.507832403957567
2020/05/06,25.33,1.21,631,628.00,19,21.14,32,32.00,0,1.57,1.58562724044174
2020/05/07,25.69,1.21,650,648.14,19,20.14,32,33.57,0,1.57,1.663422076925913
2020/05/08,25.63,1.21,668,667.00,18,18.86,35,35.00,3,1.43,1.7342797942331531
2020/05/09,24.99,1.21,692,683.86,24,16.86,37,36.14,2,1.14,1.7907677646738902
2020/05/10,24.59,1.22,704,702.00,12,18.14,38,37.86,1,1.71,1.8759952288476336
2020/05/11,24.37,1.22,712,720.43,8,18.43,39,39.86,1,2.00,1.9750969313752424
2020/05/12,24.47,1.22,730,740.14,18,19.71,40,41.43,1,1.57,2.0528917678594154
2020/05/13,24.37,1.22,758,760.57,28,20.43,44,43.00,4,1.57,2.130686604343588
2020/05/14,24.75,1.22,779,782.86,21,22.29,46,45.00,2,2.00,2.229788306871197
2020/05/15,24.97,1.21,806,806.00,27,23.14,46,46.86,0,1.86,2.321952890221873
2020/05/16,25.56,1.21,835,830.43,29,24.43,48,48.71,2,1.86,2.413621965059911
2020/05/17,26.02,1.20,860,855.14,25,24.71,52,50.29,4,1.57,2.491912310056722
2020/05/18,25.21,1.21,874,879.14,14,24.00,52,52.29,0,2.00,2.591014012584331
2020/05/19,24.24,1.22,901,902.43,27,23.29,53,54.57,1,2.29,2.703989953465805
2020/05/20,24.01,1.22,931,928.14,30,25.71,55,56.71,2,2.14,2.810028775170346
2020/05/21,23.63,1.23,947,952.43,16,24.29,60,58.57,5,1.86,2.9021933585210222
2020/05/22,23.24,1.23,969,978.86,22,26.43,62,60.71,2,2.14,3.008232180225564
2020/05/23,22.53,1.24,1015,1004.00,46,25.14,63,63.14,1,2.43,3.128640748796608
2020/05/24,22.07,1.25,1030,1030.43,15,26.43,65,65.29,2,2.14,3.235175079013788
2020/05/25,22.51,1.24,1059,1065.71,29,35.29,67,67.00,2,1.71,3.3199070346748933
2020/05/26,23.19,1.23,1077,1102.43,18,36.71,70,68.57,3,1.57,3.397701871159066
