Date,Td,R0,Cases(Tot.),Cases(7Ave.),Cases(Day),Cases(7Ave.Day),Deaths(Tot.),Death(7Ave.),Death(Day),Death(7Ave.Day),Death/Mil.pop(7Ave.Day)
2020/01/27,NG,NG,0,0.00,0,0.00,0,0.00,0,0.00,0.0
2020/01/28,NG,NG,0,0.00,0,0.00,0,0.00,0,0.00,0.0
2020/01/29,NG,NG,0,0.00,0,0.00,0,0.00,0,0.00,0.0
2020/01/30,NG,NG,0,0.00,0,0.00,0,0.00,0,0.00,0.0
2020/01/31,NG,NG,0,0.00,0,0.00,0,0.00,0,0.00,0.0
2020/02/01,NG,NG,0,0.00,0,0.00,0,0.00,0,0.00,0.0
2020/02/02,NG,NG,0,0.00,0,0.00,0,0.00,0,0.00,0.0
2020/02/03,NG,NG,0,0.00,0,0.00,0,0.00,0,0.00,0.0
2020/02/04,NG,NG,0,0.00,0,0.00,0,0.00,0,0.00,0.0
2020/02/05,NG,NG,0,0.00,0,0.00,0,0.00,0,0.00,0.0
2020/02/06,NG,NG,0,0.00,0,0.00,0,0.00,0,0.00,0.0
2020/02/07,NG,NG,0,0.00,0,0.00,0,0.00,0,0.00,0.0
2020/02/08,NG,NG,0,0.00,0,0.00,0,0.00,0,0.00,0.0
2020/02/09,NG,NG,0,0.00,0,0.00,0,0.00,0,0.00,0.0
2020/02/10,NG,NG,0,0.00,0,0.00,0,0.00,0,0.00,0.0
2020/02/11,NG,NG,0,0.00,0,0.00,0,0.00,0,0.00,0.0
2020/02/12,NG,NG,0,0.00,0,0.00,0,0.00,0,0.00,0.0
2020/02/13,NG,NG,0,0.00,0,0.00,0,0.00,0,0.00,0.0
2020/02/14,NG,NG,0,0.00,0,0.00,0,0.00,0,0.00,0.0
2020/02/15,NG,NG,0,0.00,0,0.00,0,0.00,0,0.00,0.0
2020/02/16,NG,NG,0,0.00,0,0.00,0,0.00,0,0.00,0.0
2020/02/17,NG,NG,0,0.00,0,0.00,0,0.00,0,0.00,0.0
2020/02/18,NG,NG,0,0.00,0,0.00,0,0.00,0,0.00,0.0
2020/02/19,NG,NG,0,0.00,0,0.00,0,0.00,0,0.00,0.0
2020/02/20,NG,NG,0,0.00,0,0.00,0,0.00,0,0.00,0.0
2020/02/21,NG,NG,0,0.00,0,0.00,0,0.00,0,0.00,0.0
2020/02/22,NG,NG,0,0.00,0,0.00,0,0.00,0,0.00,0.0
2020/02/23,NG,NG,0,0.00,0,0.00,0,0.00,0,0.00,0.0
2020/02/24,NG,NG,0,0.00,0,0.00,0,0.00,0,0.00,0.0
2020/02/25,1.36,35.43,0,0.14,0,0.14,0,0.00,0,0.00,0.0
2020/02/26,2.42,7.43,0,0.71,0,0.57,0,0.00,0,0.00,0.0
2020/02/27,3.57,3.89,0,1.43,0,0.71,0,0.00,0,0.00,0.0
2020/02/28,4.82,2.74,1,2.14,1,0.71,0,0.00,0,0.00,0.0
2020/02/29,6.35,2.15,4,2.86,3,0.71,0,0.00,0,0.00,0.0
2020/03/01,7.95,1.84,5,3.57,1,0.71,0,0.00,0,0.00,0.0
2020/03/02,8.54,1.77,5,4.29,0,0.71,0,0.00,0,0.00,0.0
2020/03/03,6.60,2.09,5,5.00,0,0.71,0,0.00,0,0.00,0.0
2020/03/04,4.53,2.92,5,5.29,0,0.29,0,0.00,0,0.00,0.0
2020/03/05,3.53,3.95,5,5.57,0,0.29,0,0.00,0,0.00,0.0
2020/03/06,2.82,5.59,6,5.86,1,0.29,0,0.00,0,0.00,0.0
2020/03/07,2.44,7.30,6,6.14,0,0.29,0,0.00,0,0.00,0.0
2020/03/08,2.18,9.26,7,6.57,1,0.43,0,0.00,0,0.00,0.0
2020/03/09,2.03,10.92,7,7.57,0,1.00,0,0.00,0,0.00,0.0
2020/03/10,2.08,10.31,7,10.43,0,2.86,0,0.00,0,0.00,0.0
2020/03/11,2.22,8.90,8,15.43,1,5.00,0,0.00,0,0.00,0.0
2020/03/12,2.34,7.95,12,22.00,4,6.57,0,0.00,0,0.00,0.0
2020/03/13,2.57,6.61,26,32.71,14,10.71,0,0.00,0,0.00,0.0
2020/03/14,2.76,5.80,41,45.00,15,12.29,0,0.00,0,0.00,0.0
2020/03/15,2.97,5.12,53,60.71,12,15.71,0,0.00,0,0.00,0.0
2020/03/16,3.22,4.51,82,82.43,29,21.71,0,0.14,0,0.14,0.0010870827178633348
2020/03/17,3.42,4.13,93,107.71,11,25.29,0,0.43,0,0.29,0.0033388969191516706
2020/03/18,3.60,3.85,118,137.71,25,30.00,0,0.71,0,0.29,0.005513062354878339
2020/03/19,3.81,3.57,164,175.29,46,37.57,1,1.14,1,0.43,0.00885195927403001
2020/03/20,3.98,3.38,203,216.00,39,40.71,2,1.71,1,0.57,0.013277938911045017
2020/03/21,4.12,3.25,251,260.57,48,44.57,2,2.43,0,0.71,0.018868650031485024
2020/03/22,4.25,3.13,316,311.57,65,51.00,3,3.29,1,0.86,0.025546443869788365
2020/03/23,4.44,2.98,367,371.71,51,60.14,4,4.29,1,1.00,0.03331132042595504
2020/03/24,4.71,2.80,405,445.14,38,73.43,5,5.71,1,1.43,0.04433744513571172
2020/03/25,5.02,2.63,475,530.43,70,85.29,6,7.71,1,2.00,0.059867198248045074
2020/03/26,5.33,2.49,585,627.14,110,96.71,8,10.14,2,2.43,0.0787358482795301
2020/03/27,5.55,2.40,717,731.00,132,103.86,12,13.57,4,3.43,0.1053693748671818
2020/03/28,5.72,2.34,848,846.71,131,115.71,16,17.00,4,3.43,0.13200290145483348
2020/03/29,5.86,2.29,993,975.71,145,129.00,20,21.43,4,4.43,0.16640130459865188
2020/03/30,5.93,2.27,1094,1107.86,101,132.14,28,27.43,8,6.00,0.2129905639356519
2020/03/31,5.95,2.26,1215,1246.57,121,138.71,29,34.29,1,6.86,0.2662576171109553
2020/04/01,5.96,2.26,1378,1395.43,163,148.86,37,43.29,8,9.00,0.3361415061164554
2020/04/02,5.98,2.25,1510,1559.71,132,164.29,50,53.86,13,10.57,0.4182162513151372
2020/04/03,6.11,2.21,1688,1751.86,178,192.14,60,67.71,10,13.86,0.5257597916180456
2020/04/04,6.33,2.15,1890,1976.14,202,224.29,79,83.71,19,16.00,0.6499978165167124
2020/04/05,6.65,2.07,2143,2233.71,253,257.57,94,103.29,15,19.57,0.802034099486456
2020/04/06,6.96,2.01,2439,2509.57,296,275.86,125,123.86,31,20.57,0.9617576102468045
2020/04/07,7.31,1.94,2785,2817.57,346,308.00,141,148.57,16,24.71,1.153627709949683
2020/04/08,7.65,1.89,3181,3150.29,396,332.71,174,176.29,33,27.71,1.3688700880866234
2020/04/09,7.96,1.84,3441,3510.00,260,359.71,194,205.14,20,28.86,1.5928867767320318
2020/04/10,8.23,1.80,3844,3877.86,403,367.86,233,234.71,39,29.57,1.8224941764978806
2020/04/11,8.39,1.78,4219,4251.29,375,373.43,273,272.57,40,37.86,2.1164724029143507
2020/04/12,8.41,1.78,4661,4632.14,442,380.86,296,311.86,23,39.29,2.4215544028061395
2020/04/13,8.35,1.79,5014,5040.14,353,408.00,332,353.57,36,41.71,2.7454274039638515
2020/04/14,8.23,1.80,5399,5473.14,385,433.00,406,398.29,74,44.71,3.0926726835556257
2020/04/15,8.15,1.81,5847,5941.43,448,468.29,449,452.14,43,53.86,3.5108112861052008
2020/04/16,8.17,1.81,6297,6455.71,450,514.29,486,507.86,37,55.71,3.943470207814808
2020/04/17,8.18,1.81,6875,6992.57,578,536.86,546,562.14,60,54.29,4.364947707283536
2020/04/18,8.20,1.81,7497,7578.57,622,586.00,650,626.57,104,64.43,4.865238703797354
2020/04/19,8.37,1.79,8261,8249.57,764,671.00,686,701.00,36,74.43,5.44317846587284
2020/04/20,8.63,1.75,8772,9011.86,511,762.29,712,784.29,26,83.29,6.089915034235962
2020/04/21,8.98,1.72,9501,9868.57,729,856.71,857,880.71,145,96.43,6.838604431781554
2020/04/22,9.34,1.68,10544,10775.00,1043,906.43,970,974.29,113,93.57,7.565241579907631
2020/04/23,9.61,1.66,11633,11691.57,1089,916.57,1069,1069.29,99,95.00,8.302904852743465
2020/04/24,9.85,1.64,12872,12656.86,1239,965.29,1221,1172.43,152,103.14,9.103774220746496
2020/04/25,10.20,1.61,13842,13692.71,970,1035.86,1305,1274.14,84,101.71,9.89353981527421
2020/04/26,10.44,1.59,14677,14729.14,835,1036.43,1351,1383.00,46,108.86,10.738824277178512
2020/04/27,10.66,1.58,15529,15813.57,852,1084.43,1434,1495.86,83,112.86,11.615168245307483
2020/04/28,10.87,1.56,16752,16937.43,1223,1123.86,1569,1603.14,135,107.29,12.448184202253046
2020/04/29,11.06,1.55,17799,18115.43,1047,1178.00,1732,1711.14,163,108.00,13.286790870319047
2020/04/30,11.32,1.54,19224,19371.71,1425,1256.29,1859,1825.86,127,114.71,14.177577508842486
2020/05/01,11.68,1.51,20739,20711.14,1515,1339.43,1972,1945.43,113,119.57,15.106023798663337
2020/05/02,11.90,1.50,22088,22035.86,1349,1324.71,2061,2079.43,89,134.00,16.14651725718967
2020/05/03,12.17,1.49,23471,23440.86,1383,1405.00,2154,2218.29,93,138.86,17.224748015778975
2020/05/04,12.47,1.48,24905,24925.43,1434,1484.57,2271,2375.71,117,157.43,18.447094883250735
2020/05/05,12.76,1.46,26025,26465.86,1120,1540.43,2507,2545.43,236,169.71,19.76494973236334
2020/05/06,13.12,1.45,27634,28090.43,1609,1624.57,2704,2730.00,197,184.57,21.198112998335027
2020/05/07,13.42,1.44,29616,29740.57,1982,1650.14,2961,2917.29,257,187.29,22.652396728539482
2020/05/08,13.55,1.43,31522,31372.29,1906,1631.71,3160,3103.29,199,186.00,24.096663767986485
2020/05/09,13.74,1.42,33460,33129.29,1938,1757.00,3353,3306.00,193,202.71,25.670681894687032
2020/05/10,13.90,1.42,35022,34922.43,1562,1793.14,3465,3522.57,112,216.57,27.35232121045605
2020/05/11,14.06,1.41,36327,36776.57,1305,1854.14,3573,3739.14,108,216.57,29.033960526225066
2020/05/12,14.23,1.41,38324,38706.57,1997,1930.00,3926,3968.71,353,229.57,30.81654323722425
2020/05/13,14.29,1.40,40186,40661.43,1862,1954.86,4220,4210.43,294,241.71,32.69346919838086
2020/05/14,14.34,1.40,42595,42689.57,2409,2028.14,4477,4455.00,257,244.57,34.59252505772254
2020/05/15,14.54,1.40,45032,44876.14,2437,2186.57,4767,4706.29,290,251.29,36.543760887521664
2020/05/16,14.74,1.39,47144,47165.00,2112,2288.86,5045,4954.86,278,248.57,38.473876253088015
2020/05/17,14.87,1.39,49219,49509.00,2075,2344.00,5177,5222.00,132,267.14,40.548185376302385
2020/05/18,15.03,1.38,51633,51933.57,2414,2424.57,5332,5512.43,155,290.43,42.80333847450987
2020/05/19,15.21,1.38,54346,54432.86,2713,2499.29,5666,5829.86,334,317.43,45.26814323973385
2020/05/20,15.58,1.37,56594,57106.00,2248,2673.14,6090,6134.71,424,304.86,47.63526585788127
2020/05/21,15.98,1.35,59567,59877.57,2973,2771.57,6510,6451.43,420,316.71,50.09455756075038
2020/05/22,16.34,1.35,62527,62659.29,2960,2781.71,6989,6780.14,479,328.71,52.64695013352793
2020/05/23,16.75,1.34,65856,65547.00,3329,2887.71,7179,7132.71,190,352.57,55.384612660935616
2020/05/24,17.26,1.32,68620,68608.29,2764,3061.29,7394,7490.86,215,358.14,58.16560319952671
2020/05/25,17.70,1.32,71105,71727.29,2485,3119.00,7633,7852.86,239,362.00,60.97648851285904
2020/05/26,18.05,1.31,74560,74884.43,3455,3157.14,8134,8199.43,501,346.57,63.66756178092973
