Date,Td,Cases(Tot.),Cases(7Ave.),Cases(Day),Cases(7Ave.Day),Deaths(Tot.),Death(7Ave.),Death(Day),Death(7Ave.Day)
2020/01/27,32.17,1,0.86,0,0.14,0,0.00,0,0.00
2020/01/28,NG,1,1.00,0,0.14,0,0.00,0,0.00
2020/01/29,NG,1,1.00,0,0.00,0,0.00,0,0.00
2020/01/30,NG,1,1.00,0,0.00,0,0.00,0,0.00
2020/01/31,NG,1,1.00,0,0.00,0,0.00,0,0.00
2020/02/01,NG,1,1.00,0,0.00,0,0.00,0,0.00
2020/02/02,NG,1,1.00,0,0.00,0,0.00,0,0.00
2020/02/03,NG,1,1.00,0,0.00,0,0.00,0,0.00
2020/02/04,NG,1,1.00,0,0.00,0,0.00,0,0.00
2020/02/05,NG,1,1.00,0,0.00,0,0.00,0,0.00
2020/02/06,NG,1,1.00,0,0.00,0,0.00,0,0.00
2020/02/07,NG,1,1.00,0,0.00,0,0.00,0,0.00
2020/02/08,NG,1,1.00,0,0.00,0,0.00,0,0.00
2020/02/09,NG,1,1.00,0,0.00,0,0.00,0,0.00
2020/02/10,NG,1,1.00,0,0.00,0,0.00,0,0.00
2020/02/11,NG,1,1.00,0,0.00,0,0.00,0,0.00
2020/02/12,NG,1,1.00,0,0.00,0,0.00,0,0.00
2020/02/13,NG,1,1.00,0,0.00,0,0.00,0,0.00
2020/02/14,NG,1,1.00,0,0.00,0,0.00,0,0.00
2020/02/15,NG,1,1.00,0,0.00,0,0.00,0,0.00
2020/02/16,NG,1,1.00,0,0.00,0,0.00,0,0.00
2020/02/17,NG,1,1.00,0,0.00,0,0.00,0,0.00
2020/02/18,NG,1,1.00,0,0.00,0,0.00,0,0.00
2020/02/19,NG,1,1.00,0,0.00,0,0.00,0,0.00
2020/02/20,NG,1,1.00,0,0.00,0,0.00,0,0.00
2020/02/21,NG,1,1.00,0,0.00,0,0.00,0,0.00
2020/02/22,NG,1,1.00,0,0.00,0,0.00,0,0.00
2020/02/23,NG,1,1.00,0,0.00,0,0.00,0,0.00
2020/02/24,NG,1,1.00,0,0.00,0,0.00,0,0.00
2020/02/25,NG,1,1.00,0,0.00,0,0.00,0,0.00
2020/02/26,NG,1,1.00,0,0.00,0,0.00,0,0.00
2020/02/27,NG,1,1.00,0,0.00,0,0.00,0,0.00
2020/02/28,NG,1,1.00,0,0.00,0,0.00,0,0.00
2020/02/29,NG,1,1.00,0,0.00,0,0.00,0,0.00
2020/03/01,NG,1,1.00,0,0.00,0,0.00,0,0.00
2020/03/02,NG,1,1.00,0,0.00,0,0.00,0,0.00
2020/03/03,NG,1,1.00,0,0.00,0,0.00,0,0.00
2020/03/04,NG,1,1.00,0,0.00,0,0.00,0,0.00
2020/03/05,NG,1,1.00,0,0.00,0,0.00,0,0.00
2020/03/06,NG,1,1.00,0,0.00,0,0.00,0,0.00
2020/03/07,NG,1,1.00,0,0.00,0,0.00,0,0.00
2020/03/08,NG,1,1.00,0,0.00,0,0.00,0,0.00
2020/03/09,NG,1,1.00,0,0.00,0,0.00,0,0.00
2020/03/10,NG,1,1.00,0,0.00,0,0.00,0,0.00
2020/03/11,NG,1,1.00,0,0.00,0,0.00,0,0.00
2020/03/12,NG,1,1.00,0,0.00,0,0.00,0,0.00
2020/03/13,37.03,1,1.00,0,0.00,0,0.00,0,0.00
2020/03/14,19.05,1,1.00,0,0.00,0,0.00,0,0.00
2020/03/15,10.76,1,1.00,0,0.00,0,0.00,0,0.00
2020/03/16,7.82,1,1.00,0,0.00,0,0.00,0,0.00
2020/03/17,5.86,1,1.00,0,0.00,0,0.00,0,0.00
2020/03/18,4.62,1,1.00,0,0.00,0,0.00,0,0.00
2020/03/19,3.94,1,1.00,0,0.00,0,0.00,0,0.00
2020/03/20,3.98,1,1.14,0,0.14,0,0.00,0,0.00
2020/03/21,4.04,1,1.29,0,0.14,0,0.00,0,0.00
2020/03/22,4.54,1,1.57,0,0.29,0,0.00,0,0.00
2020/03/23,4.91,2,1.86,1,0.29,0,0.00,0,0.00
2020/03/24,5.80,2,2.29,0,0.43,0,0.00,0,0.00
2020/03/25,6.76,3,2.86,1,0.57,0,0.00,0,0.00
2020/03/26,7.72,3,3.43,0,0.57,0,0.00,0,0.00
2020/03/27,8.15,4,3.86,1,0.43,0,0.00,0,0.00
2020/03/28,8.54,5,4.29,1,0.43,0,0.00,0,0.00
2020/03/29,8.41,5,4.57,0,0.29,0,0.00,0,0.00
2020/03/30,9.00,5,5.00,0,0.43,0,0.00,0,0.00
2020/03/31,9.13,5,5.29,0,0.29,0,0.00,0,0.00
2020/04/01,11.31,5,5.86,0,0.57,0,0.00,0,0.00
2020/04/02,12.67,6,6.43,1,0.57,0,0.00,0,0.00
2020/04/03,13.09,6,7.00,0,0.57,0,0.00,0,0.00
2020/04/04,12.56,9,7.57,3,0.57,0,0.00,0,0.00
2020/04/05,12.14,9,8.14,0,0.57,0,0.00,0,0.00
2020/04/06,11.35,9,8.57,0,0.43,0,0.00,0,0.00
2020/04/07,8.31,9,9.00,0,0.43,0,0.00,0,0.00
2020/04/08,6.36,9,9.00,0,0.00,0,0.00,0,0.00
2020/04/09,5.73,9,9.43,0,0.43,0,0.00,0,0.00
2020/04/10,5.52,9,10.14,0,0.71,0,0.00,0,0.00
2020/04/11,5.21,9,11.14,0,1.00,0,0.00,0,0.00
2020/04/12,4.94,12,12.14,3,1.00,0,0.00,0,0.00
2020/04/13,4.69,14,13.14,2,1.00,0,0.00,0,0.00
2020/04/14,5.39,16,16.14,2,3.00,0,0.00,0,0.00
2020/04/15,6.18,16,19.29,0,3.14,0,0.00,0,0.00
2020/04/16,6.72,16,22.00,0,2.71,0,0.00,0,0.00
2020/04/17,7.12,30,24.43,14,2.43,0,0.00,0,0.00
2020/04/18,8.56,31,28.29,1,3.86,0,0.00,0,0.00
2020/04/19,10.46,31,32.43,0,4.14,0,0.00,0,0.00
2020/04/20,13.60,31,37.00,0,4.57,0,0.00,0,0.00
2020/04/21,15.51,43,39.71,12,2.71,0,0.00,0,0.00
2020/04/22,17.60,45,42.29,2,2.57,0,0.00,0,0.00
2020/04/23,18.35,48,45.29,3,3.00,0,0.00,0,0.00
2020/04/24,19.06,49,48.29,1,3.00,0,0.00,0,0.00
2020/04/25,17.04,49,49.86,0,1.57,0,0.00,0,0.00
2020/04/26,14.37,52,51.57,3,1.71,0,0.00,0,0.00
2020/04/27,12.24,52,52.86,0,1.29,0,0.00,0,0.00
2020/04/28,10.91,54,54.29,2,1.43,0,0.00,0,0.00
2020/04/29,9.67,57,55.71,3,1.43,0,0.00,0,0.00
2020/04/30,9.76,57,59.00,0,3.29,0,0.00,0,0.00
2020/05/01,9.22,59,62.29,2,3.29,0,0.00,0,0.00
2020/05/02,7.68,59,66.29,0,4.00,0,0.00,0,0.00
2020/05/03,6.88,75,72.29,16,6.00,0,0.00,0,0.00
2020/05/04,6.41,75,78.57,0,6.29,0,0.00,0,0.00
2020/05/05,5.97,82,84.71,7,6.14,0,0.00,0,0.00
2020/05/06,5.66,99,92.00,17,7.29,0,0.00,0,0.00
2020/05/07,5.28,101,97.00,2,5.00,0,0.00,0,0.00
2020/05/08,5.01,102,105.43,1,8.43,0,0.00,0,0.00
2020/05/09,5.44,110,124.71,8,19.29,0,0.00,0,0.00
2020/05/10,5.98,110,146.29,0,21.57,0,0.00,0,0.00
2020/05/11,6.36,134,167.43,24,21.14,0,0.00,0,0.00
