Date,Td,R0,Cases(Tot.),Cases(7Ave.),Cases(Day),Cases(7Ave.Day),Deaths(Tot.),Death(7Ave.),Death(Day),Death(7Ave.Day),Death/Mil.pop(7Ave.Day)
2020/01/27,NG,NG,0,0.00,0,0.00,0,0.00,0,0.00,0.0
2020/01/28,NG,NG,0,0.00,0,0.00,0,0.00,0,0.00,0.0
2020/01/29,NG,NG,0,0.00,0,0.00,0,0.00,0,0.00,0.0
2020/01/30,NG,NG,0,0.00,0,0.00,0,0.00,0,0.00,0.0
2020/01/31,NG,NG,0,0.00,0,0.00,0,0.00,0,0.00,0.0
2020/02/01,NG,NG,0,0.00,0,0.00,0,0.00,0,0.00,0.0
2020/02/02,NG,NG,0,0.00,0,0.00,0,0.00,0,0.00,0.0
2020/02/03,NG,NG,0,0.00,0,0.00,0,0.00,0,0.00,0.0
2020/02/04,NG,NG,0,0.00,0,0.00,0,0.00,0,0.00,0.0
2020/02/05,NG,NG,0,0.00,0,0.00,0,0.00,0,0.00,0.0
2020/02/06,NG,NG,0,0.00,0,0.00,0,0.00,0,0.00,0.0
2020/02/07,NG,NG,0,0.00,0,0.00,0,0.00,0,0.00,0.0
2020/02/08,NG,NG,0,0.00,0,0.00,0,0.00,0,0.00,0.0
2020/02/09,NG,NG,0,0.00,0,0.00,0,0.00,0,0.00,0.0
2020/02/10,NG,NG,0,0.00,0,0.00,0,0.00,0,0.00,0.0
2020/02/11,NG,NG,0,0.00,0,0.00,0,0.00,0,0.00,0.0
2020/02/12,NG,NG,0,0.00,0,0.00,0,0.00,0,0.00,0.0
2020/02/13,NG,NG,0,0.00,0,0.00,0,0.00,0,0.00,0.0
2020/02/14,NG,NG,0,0.00,0,0.00,0,0.00,0,0.00,0.0
2020/02/15,NG,NG,0,0.00,0,0.00,0,0.00,0,0.00,0.0
2020/02/16,NG,NG,0,0.00,0,0.00,0,0.00,0,0.00,0.0
2020/02/17,NG,NG,0,0.00,0,0.00,0,0.00,0,0.00,0.0
2020/02/18,NG,NG,0,0.00,0,0.00,0,0.00,0,0.00,0.0
2020/02/19,NG,NG,0,0.00,0,0.00,0,0.00,0,0.00,0.0
2020/02/20,NG,NG,0,0.00,0,0.00,0,0.00,0,0.00,0.0
2020/02/21,1.76,15.75,0,0.29,0,0.29,0,0.00,0,0.00,0.0
2020/02/22,2.06,10.54,0,0.57,0,0.29,0,0.00,0,0.00,0.0
2020/02/23,2.56,6.65,0,1.14,0,0.57,0,0.00,0,0.00,0.0
2020/02/24,2.87,5.42,2,1.71,2,0.57,0,0.00,0,0.00,0.0
2020/02/25,3.09,4.81,2,2.29,0,0.57,0,0.00,0,0.00,0.0
2020/02/26,3.53,3.95,4,3.14,2,0.86,0,0.00,0,0.00,0.0
2020/02/27,3.90,3.47,4,4.00,0,0.86,0,0.00,0,0.00,0.0
2020/02/28,4.02,3.34,4,4.57,0,0.57,0,0.00,0,0.00,0.0
2020/02/29,4.90,2.69,6,6.00,2,1.43,0,0.00,0,0.00,0.0
2020/03/01,6.19,2.19,6,7.57,0,1.57,0,0.00,0,0.00,0.0
2020/03/02,8.14,1.81,6,9.29,0,1.71,0,0.00,0,0.00,0.0
2020/03/03,10.73,1.57,12,11.00,6,1.71,0,0.00,0,0.00,0.0
2020/03/04,13.71,1.42,15,12.43,3,1.43,0,0.00,0,0.00,0.0
2020/03/05,16.59,1.34,16,13.86,1,1.43,0,0.00,0,0.00,0.0
2020/03/06,20.25,1.27,16,15.29,0,1.43,0,0.00,0,0.00,0.0
2020/03/07,21.20,1.26,16,16.14,0,0.86,0,0.00,0,0.00,0.0
2020/03/08,14.25,1.41,16,16.57,0,0.43,0,0.00,0,0.00,0.0
2020/03/09,9.87,1.63,16,16.86,0,0.29,0,0.00,0,0.00,0.0
2020/03/10,8.00,1.83,18,17.29,2,0.43,0,0.00,0,0.00,0.0
2020/03/11,6.73,2.06,18,17.71,0,0.43,0,0.00,0,0.00,0.0
2020/03/12,6.10,2.22,18,18.57,0,0.86,0,0.00,0,0.00,0.0
2020/03/13,5.44,2.44,19,19.43,1,0.86,0,0.00,0,0.00,0.0
2020/03/14,4.78,2.76,19,20.29,0,0.86,0,0.00,0,0.00,0.0
2020/03/15,4.76,2.77,22,23.29,3,3.00,0,0.00,0,0.00,0.0
2020/03/16,4.96,2.66,22,27.57,0,4.29,0,0.00,0,0.00,0.0
2020/03/17,4.91,2.69,24,31.71,2,4.14,0,0.00,0,0.00,0.0
2020/03/18,4.83,2.73,39,36.43,15,4.71,0,0.00,0,0.00,0.0
2020/03/19,4.70,2.81,48,41.14,9,4.71,0,0.00,0,0.00,0.0
2020/03/20,4.76,2.77,48,47.43,0,6.29,0,0.00,0,0.00,0.0
2020/03/21,5.03,2.62,52,56.00,4,8.57,0,0.00,0,0.00,0.0
2020/03/22,5.24,2.52,55,64.57,3,8.57,0,0.00,0,0.00,0.0
2020/03/23,5.39,2.46,66,73.29,11,8.71,0,0.00,0,0.00,0.0
2020/03/24,5.76,2.32,84,85.14,18,11.86,0,0.00,0,0.00,0.0
2020/03/25,6.28,2.17,99,99.43,15,14.29,0,0.00,0,0.00,0.0
2020/03/26,6.86,2.03,109,115.43,10,16.00,0,0.00,0,0.00,0.0
2020/03/27,7.30,1.94,131,131.57,22,16.14,0,0.00,0,0.00,0.0
2020/03/28,7.47,1.91,152,147.00,21,15.43,0,0.14,0,0.14,0.027497391675989594
2020/03/29,7.49,1.91,167,162.86,15,15.86,0,0.29,0,0.14,0.05695888275740701
2020/03/30,7.52,1.91,179,180.29,12,17.43,0,0.43,0,0.14,0.08445627443339661
2020/03/31,7.52,1.91,192,197.57,13,17.29,1,0.57,1,0.14,0.11195366610938619
2020/04/01,7.40,1.93,210,215.43,18,17.86,1,0.86,0,0.29,0.16891254886679322
2020/04/02,7.23,1.96,231,234.14,21,18.71,1,1.14,0,0.29,0.22390733221877238
2020/04/03,6.94,2.01,252,255.86,21,21.71,1,1.43,0,0.29,0.2808662149761794
2020/04/04,6.74,2.05,277,281.43,25,25.57,2,1.57,1,0.14,0.308363606652169
2020/04/05,6.62,2.08,298,311.29,21,29.86,2,1.71,0,0.14,0.3358609983281586
2020/04/06,6.46,2.12,331,343.57,33,32.29,2,2.00,0,0.29,0.3928198810855656
2020/04/07,6.32,2.15,371,376.71,40,33.14,2,2.29,0,0.29,0.4497787638429726
2020/04/08,6.25,2.17,419,415.14,48,38.43,2,2.43,0,0.14,0.47727615551896224
2020/04/09,6.23,2.18,457,458.14,38,43.00,3,2.71,1,0.29,0.5322709388709413
2020/04/10,6.43,2.13,484,514.71,27,56.57,3,3.00,0,0.29,0.5892298216283484
2020/04/11,6.68,2.07,546,577.86,62,63.14,3,3.29,0,0.29,0.6461887043857554
2020/04/12,7.01,2.00,599,648.00,53,70.14,4,3.57,1,0.29,0.7011834877377345
2020/04/13,7.47,1.91,727,728.29,128,80.29,4,3.71,0,0.14,0.7286808794137242
2020/04/14,7.92,1.85,813,811.86,86,83.57,4,4.14,0,0.43,0.8131371538471207
2020/04/15,8.46,1.77,910,902.43,97,90.57,4,4.57,0,0.43,0.8975934282805175
2020/04/16,9.05,1.71,1019,997.71,109,95.29,4,5.00,0,0.43,0.982049702713914
2020/04/17,9.80,1.64,1069,1095.29,50,97.57,6,5.43,2,0.43,1.0665059771473107
2020/04/18,10.62,1.58,1180,1194.57,111,99.29,6,6.00,0,0.57,1.1784596432566967
2020/04/19,11.42,1.53,1266,1295.14,86,100.57,7,6.57,1,0.57,1.290413309366083
2020/04/20,12.28,1.48,1410,1394.71,144,99.57,7,7.29,0,0.71,1.4318284665568866
2020/04/21,13.17,1.45,1508,1497.71,98,103.00,8,7.86,1,0.57,1.5437821326662728
2020/04/22,14.32,1.40,1614,1601.29,106,103.57,8,8.43,0,0.57,1.655735798775659
2020/04/23,15.59,1.37,1716,1705.86,102,104.57,9,8.86,1,0.43,1.7401920732090554
2020/04/24,16.48,1.34,1790,1797.14,74,91.29,10,9.29,1,0.43,1.824648347642452
2020/04/25,17.25,1.32,1905,1886.14,115,89.00,10,9.57,0,0.29,1.8796431309944315
2020/04/26,18.12,1.31,1998,1980.43,93,94.29,10,9.86,0,0.29,1.9366020137518383
2020/04/27,18.93,1.29,2049,2070.71,51,90.29,10,10.14,0,0.29,1.9915967971038178
2020/04/28,19.65,1.28,2131,2164.57,82,93.86,10,10.29,0,0.14,2.021058288185235
2020/04/29,19.64,1.28,2274,2247.14,143,82.57,10,10.57,0,0.29,2.0760530715372143
2020/04/30,19.27,1.29,2348,2328.57,74,81.43,11,10.86,1,0.29,2.1330119542946213
2020/05/01,18.66,1.30,2447,2412.57,99,84.00,11,11.14,0,0.29,2.1880067376466004
2020/05/02,18.04,1.31,2483,2498.86,36,86.29,12,11.57,1,0.43,2.272463012079997
2020/05/03,17.25,1.32,2568,2588.71,85,89.86,12,12.00,0,0.43,2.3569192865133934
2020/05/04,15.95,1.36,2637,2675.86,69,87.14,12,12.57,0,0.57,2.46887295262278
2020/05/05,14.83,1.39,2735,2770.86,98,95.00,13,13.29,1,0.71,2.6102881098135833
2020/05/06,13.68,1.43,2903,2876.71,168,105.86,13,14.00,0,0.71,2.749739167598959
2020/05/07,12.95,1.45,2958,2995.43,55,118.71,15,14.71,2,0.71,2.8891902253843353
2020/05/08,12.49,1.47,3112,3129.14,154,133.71,16,15.43,1,0.71,3.0306053825751387
2020/05/09,12.04,1.50,3224,3270.00,112,140.86,17,16.00,1,0.57,3.1425590486845247
2020/05/10,11.75,1.51,3399,3429.43,175,159.43,17,16.57,0,0.57,3.2545127147939112
2020/05/11,11.80,1.51,3573,3627.00,174,197.57,17,17.00,0,0.43,3.3389689892273076
2020/05/12,11.88,1.50,3721,3843.14,148,216.14,17,17.57,0,0.57,3.450922655336694
2020/05/13,12.22,1.49,4019,4101.00,298,257.86,17,18.14,0,0.57,3.56287632144608
2020/05/14,12.27,1.49,4341,4356.29,322,255.29,18,18.86,1,0.71,3.7042914786368835
2020/05/15,12.46,1.48,4625,4614.29,284,258.00,20,20.00,2,1.14,3.928198810855656
2020/05/16,12.74,1.46,5029,4892.86,404,278.57,21,21.43,1,1.43,4.209065025831835
2020/05/17,13.16,1.45,5186,5182.00,157,289.14,22,23.29,1,1.86,4.574387515241411
2020/05/18,13.35,1.44,5379,5471.86,193,289.86,25,25.14,3,1.86,4.93774590524556
2020/05/19,13.41,1.44,5671,5781.71,292,309.86,27,27.14,2,2.00,5.3305657863311255
2020/05/20,13.43,1.44,6043,6100.00,372,318.29,30,29.29,3,2.14,5.752847158498108
