Date,Td,R0,Cases(Tot.),Cases(7Ave.),Cases(Day),Cases(7Ave.Day),Deaths(Tot.),Death(7Ave.),Death(Day),Death(7Ave.Day),Death/Mil.pop(7Ave.Day)
2020/01/27,NG,NG,0,0.00,0,0.00,0,0.00,0,0.00,0.0
2020/01/28,NG,NG,0,0.00,0,0.00,0,0.00,0,0.00,0.0
2020/01/29,NG,NG,0,0.00,0,0.00,0,0.00,0,0.00,0.0
2020/01/30,NG,NG,0,0.00,0,0.00,0,0.00,0,0.00,0.0
2020/01/31,NG,NG,0,0.00,0,0.00,0,0.00,0,0.00,0.0
2020/02/01,NG,NG,0,0.00,0,0.00,0,0.00,0,0.00,0.0
2020/02/02,NG,NG,0,0.00,0,0.00,0,0.00,0,0.00,0.0
2020/02/03,NG,NG,0,0.00,0,0.00,0,0.00,0,0.00,0.0
2020/02/04,NG,NG,0,0.00,0,0.00,0,0.00,0,0.00,0.0
2020/02/05,NG,NG,0,0.00,0,0.00,0,0.00,0,0.00,0.0
2020/02/06,NG,NG,0,0.00,0,0.00,0,0.00,0,0.00,0.0
2020/02/07,NG,NG,0,0.00,0,0.00,0,0.00,0,0.00,0.0
2020/02/08,NG,NG,0,0.00,0,0.00,0,0.00,0,0.00,0.0
2020/02/09,NG,NG,0,0.00,0,0.00,0,0.00,0,0.00,0.0
2020/02/10,NG,NG,0,0.00,0,0.00,0,0.00,0,0.00,0.0
2020/02/11,NG,NG,0,0.00,0,0.00,0,0.00,0,0.00,0.0
2020/02/12,NG,NG,0,0.00,0,0.00,0,0.00,0,0.00,0.0
2020/02/13,NG,NG,0,0.00,0,0.00,0,0.00,0,0.00,0.0
2020/02/14,NG,NG,0,0.00,0,0.00,0,0.00,0,0.00,0.0
2020/02/15,NG,NG,0,0.00,0,0.00,0,0.00,0,0.00,0.0
2020/02/16,NG,NG,0,0.00,0,0.00,0,0.00,0,0.00,0.0
2020/02/17,NG,NG,0,0.00,0,0.00,0,0.00,0,0.00,0.0
2020/02/18,NG,NG,0,0.00,0,0.00,0,0.00,0,0.00,0.0
2020/02/19,NG,NG,0,0.00,0,0.00,0,0.00,0,0.00,0.0
2020/02/20,NG,NG,0,0.00,0,0.00,0,0.00,0,0.00,0.0
2020/02/21,NG,NG,0,0.00,0,0.00,0,0.00,0,0.00,0.0
2020/02/22,NG,NG,0,0.00,0,0.00,0,0.00,0,0.00,0.0
2020/02/23,1.90,12.85,0,0.29,0,0.29,0,0.00,0,0.00,0.0
2020/02/24,2.45,7.25,0,0.57,0,0.29,0,0.00,0,0.00,0.0
2020/02/25,2.85,5.49,0,0.86,0,0.29,0,0.00,0,0.00,0.0
2020/02/26,3.88,3.49,2,1.43,2,0.57,0,0.00,0,0.00,0.0
2020/02/27,4.99,2.64,2,2.00,0,0.57,0,0.00,0,0.00,0.0
2020/02/28,6.27,2.17,2,2.57,0,0.57,0,0.00,0,0.00,0.0
2020/02/29,6.26,2.17,4,3.29,2,0.71,0,0.00,0,0.00,0.0
2020/03/01,5.38,2.46,4,3.71,0,0.43,0,0.00,0,0.00,0.0
2020/03/02,4.84,2.73,4,4.14,0,0.43,0,0.00,0,0.00,0.0
2020/03/03,4.33,3.07,5,4.71,1,0.57,0,0.00,0,0.00,0.0
2020/03/04,3.79,3.60,5,5.00,0,0.29,0,0.00,0,0.00,0.0
2020/03/05,3.15,4.67,5,5.29,0,0.29,0,0.00,0,0.00,0.0
2020/03/06,2.37,7.75,6,5.57,1,0.29,0,0.00,0,0.00,0.0
2020/03/07,2.07,10.42,6,7.14,0,1.57,0,0.00,0,0.00,0.0
2020/03/08,1.92,12.52,6,9.14,0,2.00,0,0.00,0,0.00,0.0
2020/03/09,1.76,15.75,6,11.29,0,2.14,0,0.00,0,0.00,0.0
2020/03/10,1.72,16.79,16,14.43,10,3.14,0,0.00,0,0.00,0.0
2020/03/11,1.64,19.27,19,18.00,3,3.57,0,0.00,0,0.00,0.0
2020/03/12,1.68,17.96,20,24.71,1,6.71,0,0.00,0,0.00,0.0
2020/03/13,1.90,12.85,28,43.29,8,18.57,0,0.00,0,0.00,0.0
2020/03/14,2.23,8.81,31,74.71,3,31.43,0,0.00,0,0.00,0.0
2020/03/15,2.55,6.70,53,114.71,22,40.00,0,0.00,0,0.00,0.0
2020/03/16,3.04,4.93,136,176.71,83,62.00,0,0.29,0,0.29,0.001315767140268277
2020/03/17,3.45,4.08,236,244.29,100,67.57,0,0.71,0,0.43,0.0032213609296223335
2020/03/18,4.15,3.22,299,344.14,63,99.86,0,1.14,0,0.43,0.005172325999675296
2020/03/19,4.82,2.74,454,447.43,155,103.29,2,1.86,2,0.71,0.008439058209996537
2020/03/20,5.46,2.43,501,553.00,47,105.57,3,2.71,1,0.86,0.012295617069403554
2020/03/21,5.97,2.25,730,658.14,229,105.14,3,3.71,0,1.00,0.016832745139294166
2020/03/22,6.42,2.13,776,767.29,46,109.14,5,4.86,2,1.14,0.02205044241966837
2020/03/23,6.67,2.07,875,874.00,99,106.71,6,5.86,1,1.00,0.026587570489558978
2020/03/24,7.01,2.00,972,998.57,97,124.57,7,7.00,1,1.14,0.031759896489234274
2020/03/25,7.14,1.97,1063,1107.86,91,109.29,8,8.29,1,1.29,0.037612791699393154
2020/03/26,7.18,1.97,1201,1225.14,138,117.29,9,9.57,1,1.29,0.043420315628853144
2020/03/27,6.96,2.01,1373,1345.43,172,120.29,11,11.71,2,2.14,0.05312976969841905
2020/03/28,6.89,2.02,1495,1483.43,122,138.00,12,14.43,1,2.71,0.06547075804852151
2020/03/29,6.88,2.02,1597,1634.14,102,150.71,14,17.14,2,2.71,0.07776637511792507
2020/03/30,7.04,1.99,1717,1808.43,120,174.29,21,20.71,7,3.57,0.09396392232743454
2020/03/31,7.27,1.95,1938,1996.00,221,187.57,26,24.86,5,4.14,0.11279300381748057
2020/04/01,7.42,1.92,2118,2185.00,180,189.00,27,29.00,1,4.14,0.13157671402682772
2020/04/02,7.76,1.87,2421,2407.86,303,222.86,34,33.71,7,4.71,0.15294658723601248
2020/04/03,8.61,1.76,2686,2700.57,265,292.71,40,38.29,6,4.57,0.17372663379611147
2020/04/04,9.49,1.67,2818,3000.14,132,299.57,41,42.71,1,4.43,0.19378073986502797
2020/04/05,10.26,1.60,3157,3306.57,339,306.43,47,47.57,6,4.86,0.21583118228469633
2020/04/06,10.77,1.57,3766,3602.00,609,295.43,53,52.00,6,4.43,0.23593065963431176
2020/04/07,11.25,1.54,4035,3889.00,269,287.00,57,55.71,4,3.71,0.2527634047736059
2020/04/08,11.70,1.51,4263,4202.29,228,313.29,61,62.14,4,6.43,0.28193713826300254
2020/04/09,11.72,1.51,4489,4498.43,226,296.14,65,68.43,4,6.29,0.3104756738226145
2020/04/10,11.55,1.52,4695,4745.57,206,247.14,66,74.14,1,5.71,0.33638267510168984
2020/04/11,11.07,1.55,5011,5003.00,316,257.43,86,79.71,20,5.57,0.36165447845098053
2020/04/12,10.89,1.56,5230,5305.86,219,302.86,91,86.86,5,7.14,0.3940949441506984
2020/04/13,10.72,1.57,5496,5653.00,266,347.14,93,95.86,2,9.00,0.4349290967797139
2020/04/14,10.29,1.60,5837,5985.86,341,332.86,96,105.71,3,9.86,0.4796198082681364
2020/04/15,10.03,1.62,6383,6361.14,546,375.29,111,113.86,15,8.14,0.516597402037745
2020/04/16,10.05,1.62,6919,6806.57,536,445.43,128,124.86,17,11.00,0.5665058108065416
2020/04/17,9.86,1.64,7025,7224.00,106,417.43,135,136.71,7,11.86,0.6202707784347454
2020/04/18,10.11,1.62,7638,7756.57,613,532.57,143,151.71,8,15.00,0.6883276994831046
2020/04/19,10.23,1.61,8348,8284.14,710,527.57,168,166.14,25,14.43,0.753798457531626
2020/04/20,10.48,1.59,8418,8889.29,70,605.14,176,181.71,8,15.57,0.8244415415798229
2020/04/21,10.84,1.56,9565,9591.43,1147,702.14,201,198.57,25,16.86,0.9009375208381785
2020/04/22,11.19,1.54,10076,10317.86,511,726.43,212,216.57,11,18.00,0.9826058260962095
2020/04/23,11.40,1.53,11155,11029.29,1079,711.43,237,232.71,25,16.14,1.055835073144244
2020/04/24,11.70,1.51,11940,11814.57,785,785.29,253,249.29,16,16.57,1.1310606565430303
2020/04/25,11.75,1.51,12723,12535.57,783,721.00,269,265.14,16,15.86,1.2029741364507964
2020/04/26,11.68,1.51,13328,13314.00,605,778.43,281,283.86,12,18.71,1.2879091739191488
2020/04/27,11.83,1.51,13915,14122.86,587,808.86,292,305.00,11,21.14,1.3838240613166362
2020/04/28,12.01,1.50,14612,15004.86,697,882.00,312,328.43,20,23.43,1.4901289719941733
2020/04/29,11.99,1.50,15525,15916.29,913,911.43,343,352.86,31,24.43,1.6009710107416009
2020/04/30,11.97,1.50,16817,16881.43,1292,965.14,385,378.00,42,25.14,1.7150344104186508
2020/05/01,11.88,1.50,18114,17885.14,1297,1003.71,417,404.29,32,26.29,1.834315507376075
2020/05/02,11.72,1.51,19103,18947.57,989,1062.43,440,433.14,23,28.86,1.965211652192419
2020/05/03,11.95,1.50,20084,20168.71,981,1221.14,457,464.71,17,31.57,2.1084487853588656
2020/05/04,12.03,1.50,20941,21286.86,857,1118.14,476,493.29,19,28.57,2.2381199055963394
2020/05/05,12.04,1.50,22049,22475.57,1108,1188.71,514,519.29,38,26.00,2.356085235413495
2020/05/06,12.59,1.47,24073,23851.71,2024,1376.14,564,547.29,50,28.00,2.4831248213704322
2020/05/07,13.30,1.44,24644,25316.00,571,1464.29,585,576.14,21,28.86,2.6140209661867764
2020/05/08,14.17,1.41,26435,26907.43,1791,1591.43,599,609.00,14,32.86,2.7631109945633816
2020/05/09,15.40,1.37,28736,28662.71,2301,1755.29,636,640.86,37,31.86,2.9076638948700966
2020/05/10,16.26,1.35,30334,30266.29,1598,1603.57,659,669.00,23,28.14,3.0353386787568186
2020/05/11,16.77,1.34,32081,31858.29,1747,1592.00,706,695.43,47,26.43,3.155254973644027
2020/05/12,17.67,1.32,34336,33624.57,2255,1766.29,737,729.00,31,33.57,3.307566362950255
2020/05/13,17.60,1.32,35298,35062.14,962,1437.57,761,757.29,24,28.29,3.4359217160474604
2020/05/14,17.31,1.32,35788,36464.57,490,1402.43,770,787.86,9,30.57,3.5746217211440166
2020/05/15,17.15,1.33,38799,37899.43,3011,1434.86,834,816.00,64,28.14,3.702296505030738
2020/05/16,16.99,1.33,38799,39275.14,0,1375.71,834,844.86,0,28.86,3.8332380211277814
2020/05/17,17.13,1.33,40151,40789.43,1352,1514.29,873,876.86,39,32.00,3.978426119364281
2020/05/18,17.63,1.32,42125,42547.00,1974,1757.57,903,912.14,30,35.29,4.138495997670021
2020/05/19,18.01,1.31,43966,44246.29,1841,1699.29,939,945.43,36,33.29,4.289536991116679
2020/05/20,18.64,1.30,45898,46194.57,1932,1948.29,985,983.57,46,38.14,4.462583055702308
