Date,Td,R0,Cases(Tot.),Cases(7Ave.),Cases(Day),Cases(7Ave.Day),Deaths(Tot.),Death(7Ave.),Death(Day),Death(7Ave.Day),Death/Mil.pop(7Ave.Day)
2020/01/27,NG,NG,0,0.00,0,0.00,0,0.00,0,0.00,0.0
2020/01/28,NG,NG,0,0.00,0,0.00,0,0.00,0,0.00,0.0
2020/01/29,NG,NG,0,0.00,0,0.00,0,0.00,0,0.00,0.0
2020/01/30,NG,NG,0,0.00,0,0.00,0,0.00,0,0.00,0.0
2020/01/31,NG,NG,0,0.00,0,0.00,0,0.00,0,0.00,0.0
2020/02/01,NG,NG,0,0.00,0,0.00,0,0.00,0,0.00,0.0
2020/02/02,NG,NG,0,0.00,0,0.00,0,0.00,0,0.00,0.0
2020/02/03,NG,NG,0,0.00,0,0.00,0,0.00,0,0.00,0.0
2020/02/04,NG,NG,0,0.00,0,0.00,0,0.00,0,0.00,0.0
2020/02/05,NG,NG,0,0.00,0,0.00,0,0.00,0,0.00,0.0
2020/02/06,NG,NG,0,0.00,0,0.00,0,0.00,0,0.00,0.0
2020/02/07,NG,NG,0,0.00,0,0.00,0,0.00,0,0.00,0.0
2020/02/08,NG,NG,0,0.00,0,0.00,0,0.00,0,0.00,0.0
2020/02/09,NG,NG,0,0.00,0,0.00,0,0.00,0,0.00,0.0
2020/02/10,NG,NG,0,0.00,0,0.00,0,0.00,0,0.00,0.0
2020/02/11,NG,NG,0,0.00,0,0.00,0,0.00,0,0.00,0.0
2020/02/12,NG,NG,0,0.00,0,0.00,0,0.00,0,0.00,0.0
2020/02/13,NG,NG,0,0.00,0,0.00,0,0.00,0,0.00,0.0
2020/02/14,NG,NG,0,0.00,0,0.00,0,0.00,0,0.00,0.0
2020/02/15,NG,NG,0,0.00,0,0.00,0,0.00,0,0.00,0.0
2020/02/16,NG,NG,0,0.00,0,0.00,0,0.00,0,0.00,0.0
2020/02/17,NG,NG,0,0.00,0,0.00,0,0.00,0,0.00,0.0
2020/02/18,NG,NG,0,0.00,0,0.00,0,0.00,0,0.00,0.0
2020/02/19,NG,NG,0,0.00,0,0.00,0,0.00,0,0.00,0.0
2020/02/20,NG,NG,0,0.00,0,0.00,0,0.00,0,0.00,0.0
2020/02/21,NG,NG,0,0.00,0,0.00,0,0.00,0,0.00,0.0
2020/02/22,NG,NG,0,0.00,0,0.00,0,0.00,0,0.00,0.0
2020/02/23,NG,NG,0,0.00,0,0.00,0,0.00,0,0.00,0.0
2020/02/24,NG,NG,0,0.00,0,0.00,0,0.00,0,0.00,0.0
2020/02/25,NG,NG,0,0.00,0,0.00,0,0.00,0,0.00,0.0
2020/02/26,1.27,45.63,0,0.14,0,0.14,0,0.00,0,0.00,0.0
2020/02/27,1.82,14.38,0,0.57,0,0.43,0,0.00,0,0.00,0.0
2020/02/28,2.08,10.31,0,1.00,0,0.43,0,0.00,0,0.00,0.0
2020/02/29,2.62,6.37,1,2.00,1,1.00,0,0.00,0,0.00,0.0
2020/03/01,1.77,15.51,3,3.14,2,1.14,0,0.00,0,0.00,0.0
2020/03/02,1.62,19.99,3,4.29,0,1.14,0,0.00,0,0.00,0.0
2020/03/03,1.53,23.84,7,5.43,4,1.14,0,0.00,0,0.00,0.0
2020/03/04,1.46,27.75,8,6.43,1,1.00,0,0.00,0,0.00,0.0
2020/03/05,1.45,28.40,8,8.14,0,1.71,0,0.00,0,0.00,0.0
2020/03/06,1.45,28.40,8,10.29,0,2.14,0,0.00,0,0.00,0.0
2020/03/07,1.46,27.75,8,12.71,0,2.43,0,0.00,0,0.00,0.0
2020/03/08,2.37,7.75,15,49.00,7,36.29,0,0.00,0,0.00,0.0
2020/03/09,3.11,4.76,18,85.29,3,36.29,0,0.00,0,0.00,0.0
2020/03/10,4.07,3.29,24,129.86,6,44.57,0,0.00,0,0.00,0.0
2020/03/11,5.21,2.54,262,176.86,238,47.00,0,0.00,0,0.00,0.0
2020/03/12,7.04,1.99,262,232.00,0,55.14,0,0.00,0,0.00,0.0
2020/03/13,10.16,1.61,320,292.14,58,60.14,0,0.00,0,0.00,0.0
2020/03/14,15.22,1.38,337,351.43,17,59.29,0,0.00,0,0.00,0.0
2020/03/15,18.02,1.31,401,378.57,64,27.14,0,0.00,0,0.00,0.0
2020/03/16,21.80,1.25,439,406.86,38,28.29,0,0.00,0,0.00,0.0
2020/03/17,24.66,1.22,439,428.29,0,21.43,0,0.00,0,0.00,0.0
2020/03/18,27.06,1.20,452,448.86,13,20.57,0,0.00,0,0.00,0.0
2020/03/19,25.99,1.21,460,462.14,8,13.29,0,0.00,0,0.00,0.0
2020/03/20,22.49,1.24,470,471.00,10,8.86,0,0.00,0,0.00,0.0
2020/03/21,19.39,1.28,481,483.43,11,12.43,0,0.00,0,0.00,0.0
2020/03/22,16.63,1.34,494,495.57,13,12.14,0,0.00,0,0.00,0.0
2020/03/23,13.90,1.42,501,508.29,7,12.71,0,0.00,0,0.00,0.0
2020/03/24,11.54,1.52,526,521.43,25,13.14,0,0.00,0,0.00,0.0
2020/03/25,9.42,1.67,537,537.00,11,15.57,0,0.14,0,0.14,0.04868584726762854
2020/03/26,7.80,1.86,549,557.00,12,20.00,0,0.29,0,0.14,0.1008492550543734
2020/03/27,6.74,2.05,562,584.43,13,27.43,0,0.43,0,0.14,0.14953510232200193
2020/03/28,6.06,2.23,590,620.86,28,36.43,1,0.71,1,0.29,0.246906796857259
2020/03/29,5.60,2.38,634,663.43,44,42.57,1,1.00,0,0.29,0.3477560519116324
2020/03/30,5.36,2.47,693,720.57,59,57.14,1,1.43,0,0.43,0.4972911542336343
2020/03/31,5.29,2.50,781,793.86,88,73.29,2,1.86,1,0.43,0.6468262565556363
2020/04/01,5.45,2.44,835,898.86,54,105.00,2,2.14,0,0.29,0.7441979510908934
2020/04/02,5.83,2.30,949,1037.43,114,138.57,3,2.57,1,0.43,0.8937330534128952
2020/04/03,6.32,2.15,1075,1200.14,126,162.71,3,3.00,0,0.43,1.0432681557348973
2020/04/04,6.94,2.01,1325,1382.43,250,182.29,3,3.57,0,0.57,1.2414891053245276
2020/04/05,7.58,1.90,1604,1578.86,279,196.43,4,4.14,1,0.57,1.439710054914158
2020/04/06,8.11,1.82,1832,1782.71,228,203.86,4,4.57,0,0.43,1.58924515723616
2020/04/07,8.37,1.79,2057,1988.00,225,205.29,6,5.00,2,0.43,1.738780259558162
2020/04/08,8.49,1.77,2210,2188.43,153,200.43,6,5.43,0,0.43,1.8883153618801638
2020/04/09,8.48,1.77,2376,2384.86,166,196.43,6,5.86,0,0.43,2.0378504642021658
2020/04/10,8.34,1.79,2512,2584.71,136,199.86,6,6.29,0,0.43,2.187385566524168
2020/04/11,8.08,1.82,2728,2780.57,216,195.86,6,6.43,0,0.14,2.2360714137917963
2020/04/12,7.85,1.86,2979,2995.00,251,214.43,7,6.57,1,0.14,2.284757261059425
2020/04/13,7.71,1.88,3231,3241.71,252,246.71,7,6.71,0,0.14,2.3334431083270535
2020/04/14,7.76,1.87,3428,3549.00,197,307.29,7,6.86,0,0.14,2.3856065161137985
2020/04/15,7.74,1.87,3711,3874.71,283,325.71,7,7.14,0,0.29,2.482978210649055
2020/04/16,7.69,1.88,4103,4227.43,392,352.71,7,7.29,0,0.14,2.5351416184358
2020/04/17,7.69,1.88,4663,4625.14,560,397.71,7,7.57,0,0.29,2.6325133129710574
2020/04/18,7.77,1.87,5008,5068.71,345,443.57,8,7.86,1,0.29,2.7333625680254308
2020/04/19,7.95,1.84,5448,5558.71,440,490.00,8,8.29,0,0.43,2.882897670347432
2020/04/20,8.13,1.82,6015,6081.71,567,523.00,9,8.71,1,0.43,3.0289552121503185
2020/04/21,8.37,1.79,6533,6633.43,518,551.71,9,9.14,0,0.43,3.17849031447232
2020/04/22,8.75,1.74,7141,7254.86,608,621.43,10,9.43,1,0.29,3.279339569526693
2020/04/23,9.31,1.68,7764,7946.14,623,691.29,10,9.71,0,0.29,3.3767112640619508
2020/04/24,10.05,1.62,8525,8693.14,761,747.00,10,9.86,0,0.14,3.4288746718486953
2020/04/25,10.80,1.57,9358,9462.86,833,769.71,10,10.00,0,0.14,3.477560519116324
2020/04/26,11.51,1.52,10287,10237.57,929,774.71,10,10.00,0,0.00,3.477560519116324
2020/04/27,12.29,1.48,11244,11044.00,957,806.43,10,10.00,0,0.00,3.477560519116324
2020/04/28,12.87,1.46,11921,11839.86,677,795.86,10,10.29,0,0.29,3.578409774170697
2020/04/29,13.31,1.44,12564,12627.57,643,787.71,10,10.57,0,0.29,3.6757814687059547
2020/04/30,13.48,1.43,13409,13379.57,845,752.00,10,10.86,0,0.29,3.7766307237603276
2020/05/01,13.39,1.44,14096,14086.29,687,706.71,12,11.14,2,0.29,3.8740024182955852
2020/05/02,13.26,1.44,14872,14832.14,776,745.86,12,11.43,0,0.29,3.974851673349958
2020/05/03,13.09,1.45,15551,15604.71,679,772.57,12,11.71,0,0.29,4.072223367885216
2020/05/04,12.79,1.46,16191,16387.71,640,783.00,12,12.00,0,0.29,4.173072622939589
2020/05/05,12.73,1.46,17142,17259.86,951,872.14,12,12.00,0,0.00,4.173072622939589
2020/05/06,12.70,1.47,17972,18182.57,830,922.71,12,12.14,0,0.14,4.2217584702072175
2020/05/07,12.72,1.46,18890,19178.14,918,995.57,12,12.43,0,0.29,4.322607725261591
2020/05/08,12.81,1.46,20201,20239.86,1311,1061.71,12,12.71,0,0.29,4.419979419796848
2020/05/09,13.00,1.45,21331,21383.71,1130,1143.86,13,13.00,1,0.29,4.520828674851221
2020/05/10,13.30,1.44,22520,22607.57,1189,1223.86,14,13.29,1,0.29,4.621677929905594
2020/05/11,13.79,1.42,23623,23947.86,1103,1340.29,14,13.57,0,0.29,4.719049624440852
2020/05/12,14.12,1.41,25149,25265.57,1526,1317.71,14,13.86,0,0.29,4.819898879495224
2020/05/13,14.50,1.40,26539,26642.86,1390,1377.29,14,14.14,0,0.29,4.917270574030482
2020/05/14,14.99,1.38,28272,28083.43,1733,1440.57,14,14.29,0,0.14,4.969433981817226
2020/05/15,15.46,1.37,29425,29561.43,1153,1478.00,14,14.43,0,0.14,5.018119829084855
2020/05/16,15.92,1.36,30972,31055.29,1547,1493.86,15,14.57,1,0.14,5.066805676352484
2020/05/17,16.35,1.35,32604,32563.57,1632,1508.29,15,14.86,0,0.29,5.167654931406857
2020/05/18,16.65,1.34,33969,34046.29,1365,1482.71,15,15.29,0,0.43,5.317190033728859
2020/05/19,17.07,1.33,35606,35625.71,1637,1579.43,15,16.00,0,0.71,5.564096830586118
2020/05/20,17.40,1.32,37097,37231.57,1491,1605.86,16,16.86,1,0.86,5.863167035230122
2020/05/21,17.67,1.32,38651,38818.71,1554,1587.14,17,18.00,1,1.14,6.259608934409383
2020/05/22,18.05,1.31,40481,40461.00,1830,1642.29,19,19.57,2,1.57,6.805585935910646
2020/05/23,18.43,1.30,42213,42118.29,1732,1657.29,21,21.43,2,1.86,7.452412192466282
2020/05/24,18.82,1.29,43714,43811.14,1501,1692.86,23,23.43,2,2.00,8.147924296289547
2020/05/25,19.38,1.28,45465,45563.00,1751,1751.86,26,25.71,3,2.29,8.94080809464807
2020/05/26,20.02,1.27,47207,47338.14,1742,1775.14,28,28.14,2,2.43,9.785855300793335
