Date,Td,Cases(Tot.),Cases(7Ave.),Cases(Day),Cases(7Ave.Day),Deaths(Tot.),Death(7Ave.),Death(Day),Death(7Ave.Day),Death/Mil.pop(7Ave.Day)
2020/01/27,NG,0,0.00,0,0.00,0,0.00,0,0.00,0.0
2020/01/28,2.47,0,0.14,0,0.14,0,0.00,0,0.00,0.0
2020/01/29,3.92,0,0.29,0,0.14,0,0.00,0,0.00,0.0
2020/01/30,5.75,0,0.43,0,0.14,0,0.00,0,0.00,0.0
2020/01/31,8.63,1,0.57,1,0.14,0,0.00,0,0.00,0.0
2020/02/01,14.17,1,0.71,0,0.14,0,0.00,0,0.00,0.0
2020/02/02,32.17,1,0.86,0,0.14,0,0.00,0,0.00,0.0
2020/02/03,NG,1,1.00,0,0.14,0,0.00,0,0.00,0.0
2020/02/04,NG,1,1.00,0,0.00,0,0.00,0,0.00,0.0
2020/02/05,NG,1,1.00,0,0.00,0,0.00,0,0.00,0.0
2020/02/06,NG,1,1.00,0,0.00,0,0.00,0,0.00,0.0
2020/02/07,NG,1,1.00,0,0.00,0,0.00,0,0.00,0.0
2020/02/08,NG,1,1.00,0,0.00,0,0.00,0,0.00,0.0
2020/02/09,NG,1,1.00,0,0.00,0,0.00,0,0.00,0.0
2020/02/10,NG,1,1.00,0,0.00,0,0.00,0,0.00,0.0
2020/02/11,NG,1,1.00,0,0.00,0,0.00,0,0.00,0.0
2020/02/12,NG,1,1.00,0,0.00,0,0.00,0,0.00,0.0
2020/02/13,NG,1,1.00,0,0.00,0,0.00,0,0.00,0.0
2020/02/14,NG,1,1.00,0,0.00,0,0.00,0,0.00,0.0
2020/02/15,NG,1,1.00,0,0.00,0,0.00,0,0.00,0.0
2020/02/16,37.03,1,1.00,0,0.00,0,0.00,0,0.00,0.0
2020/02/17,7.00,1,1.00,0,0.00,0,0.00,0,0.00,0.0
2020/02/18,4.62,1,1.00,0,0.00,0,0.00,0,0.00,0.0
2020/02/19,3.26,1,1.00,0,0.00,0,0.00,0,0.00,0.0
2020/02/20,2.64,1,1.00,0,0.00,0,0.00,0,0.00,0.0
2020/02/21,2.29,1,1.00,0,0.00,0,0.00,0,0.00,0.0
2020/02/22,2.01,1,1.00,0,0.00,0,0.00,0,0.00,0.0
2020/02/23,1.84,1,1.14,0,0.14,0,0.00,0,0.00,0.0
2020/02/24,1.83,1,2.00,0,0.86,0,0.00,0,0.00,0.0
2020/02/25,1.81,1,2.86,0,0.86,0,0.00,0,0.00,0.0
2020/02/26,1.83,2,4.43,1,1.57,0,0.00,0,0.00,0.0
2020/02/27,1.82,7,6.29,5,1.86,0,0.00,0,0.00,0.0
2020/02/28,1.80,7,8.29,0,2.00,0,0.00,0,0.00,0.0
2020/02/29,1.78,12,11.14,5,2.86,0,0.00,0,0.00,0.0
2020/03/01,1.79,14,15.86,2,4.71,0,0.00,0,0.00,0.0
2020/03/02,2.03,15,28.29,1,12.43,0,0.00,0,0.00,0.0
2020/03/03,2.12,21,41.71,6,13.43,0,0.00,0,0.00,0.0
2020/03/04,2.29,35,63.00,14,21.29,0,0.00,0,0.00,0.0
2020/03/05,2.47,94,90.00,59,27.00,0,0.00,0,0.00,0.0
2020/03/06,2.66,101,123.29,7,33.29,0,0.00,0,0.00,0.0
2020/03/07,2.95,161,171.00,60,47.71,0,0.00,0,0.00,0.0
2020/03/08,3.39,203,237.43,42,66.43,0,0.14,0,0.14,0.013871627794897682
2020/03/09,3.79,248,309.57,45,72.14,0,0.29,0,0.14,0.028734086146573763
2020/03/10,4.42,355,411.43,107,101.86,0,0.43,0,0.14,0.042605713941471446
2020/03/11,5.15,500,525.71,145,114.29,1,0.71,1,0.29,0.0703489695312668
2020/03/12,5.83,599,642.71,99,117.00,1,1.14,0,0.43,0.11295468347273824
2020/03/13,6.50,814,764.86,215,122.14,1,2.00,0,0.86,0.19816611135568113
2020/03/14,6.99,961,884.14,147,119.29,2,3.00,1,1.00,0.2972491670335217
2020/03/15,7.23,1022,995.43,61,111.29,3,4.29,1,1.29,0.42506630885793606
2020/03/16,7.41,1103,1115.43,81,120.00,6,5.71,3,1.43,0.5657642479204696
2020/03/17,7.52,1190,1233.29,87,117.86,7,7.86,1,2.14,0.7787928176278269
2020/03/18,7.42,1279,1347.86,89,114.57,10,10.43,3,2.57,1.0334362707198772
2020/03/19,7.41,1439,1478.14,160,130.29,11,13.00,1,2.57,1.2880797238119275
2020/03/20,7.33,1639,1612.86,200,134.71,16,15.71,5,2.71,1.5565948046988753
2020/03/21,7.31,1763,1769.43,124,156.57,20,19.86,4,4.14,1.9677894857619136
2020/03/22,7.31,1934,1947.57,171,178.14,21,27.29,1,7.43,2.7039765894482692
2020/03/23,7.31,2046,2147.71,112,200.14,25,36.71,4,9.43,3.6373389739335273
2020/03/24,7.21,2286,2352.00,240,204.29,36,49.43,11,12.71,4.897675442155659
2020/03/25,7.31,2526,2592.57,240,240.57,62,61.57,26,12.14,6.100543738084644
2020/03/26,7.39,2840,2844.86,314,252.29,77,74.29,15,12.71,7.360880206306777
2020/03/27,7.57,3069,3128.00,229,283.14,105,91.57,28,17.29,9.07303540841986
2020/03/28,7.79,3447,3435.00,378,307.00,105,112.14,0,20.57,11.111173863713041
2020/03/29,8.07,3700,3780.86,253,345.86,110,137.43,5,25.29,13.61698434180563
2020/03/30,8.44,4028,4170.57,328,389.71,146,170.43,36,33.00,16.88672517917437
2020/03/31,8.97,4435,4608.00,407,437.43,180,206.57,34,36.14,20.467586811371525
2020/04/01,9.38,4947,5036.00,512,428.00,239,244.86,59,38.29,24.261477013276043
2020/04/02,9.86,5568,5483.14,621,447.14,308,286.43,69,41.57,28.380359637803874
2020/04/03,10.32,6131,5937.14,563,454.00,358,333.71,50,47.29,33.065006510252175
2020/04/04,10.79,6443,6402.57,312,465.43,373,392.43,15,58.71,38.88316353965497
2020/04/05,11.45,6830,6898.57,387,496.00,401,456.43,28,64.00,45.22447910303677
2020/04/06,12.21,7206,7409.00,376,510.43,477,525.71,76,69.29,52.08895320039757
2020/04/07,12.91,7693,7916.71,487,507.71,591,598.86,114,73.14,59.33687872323161
2020/04/08,13.64,8419,8446.43,726,529.71,687,672.29,96,73.43,66.61254750165543
2020/04/09,14.23,9141,8968.29,722,521.86,793,743.43,106,71.14,73.661316082577
2020/04/10,14.91,9685,9502.86,544,534.57,870,806.57,77,63.14,79.91742021807588
2020/04/11,15.56,10151,10038.86,466,536.00,887,869.71,17,63.14,86.17352435357472
2020/04/12,15.92,10483,10540.00,332,501.14,899,943.43,12,73.71,93.47792721814513
2020/04/13,16.12,10948,11025.57,465,485.57,919,1020.57,20,77.14,101.12119413313376
2020/04/14,16.33,11445,11530.00,497,504.43,1033,1096.29,114,75.71,108.62376310905984
2020/04/15,16.62,11927,12054.43,482,524.43,1203,1185.43,170,89.14,117.45602669218255
2020/04/16,17.10,12540,12611.86,613,557.43,1333,1277.00,130,91.57,126.5290621006024
2020/04/17,17.58,13216,13158.86,676,547.00,1400,1371.43,67,94.43,135.8854750482609
2020/04/18,18.00,13822,13712.71,606,553.86,1511,1476.00,111,104.57,146.2465901804927
2020/04/19,18.55,14385,14295.14,563,582.43,1540,1580.86,29,104.86,156.63643939887103
2020/04/20,19.16,14777,14897.29,392,602.14,1580,1679.14,40,98.29,166.3743221108892
2020/04/21,20.11,15322,15518.86,545,621.57,1765,1786.57,185,107.43,177.0188147823596
2020/04/22,21.11,16004,16141.00,682,622.14,1937,1883.86,172,97.29,186.65860526925673
2020/04/23,22.22,16755,16748.86,751,607.86,2021,1977.29,84,93.43,195.91593516123737
2020/04/24,23.18,17567,17341.57,812,592.71,2152,2076.43,131,99.14,205.7390293011385
2020/04/25,24.47,18177,17955.71,610,614.14,2192,2160.71,40,84.29,214.0897492336669
2020/04/26,25.82,18640,18569.71,463,614.00,2194,2235.71,2,75.00,221.52097840950495
2020/04/27,27.35,18926,19189.29,286,619.57,2274,2316.43,80,80.71,229.51896266382022
2020/04/28,28.30,19621,19754.00,695,564.71,2355,2388.00,81,71.57,236.6103369586833
2020/04/29,29.10,20302,20311.86,681,557.86,2462,2456.14,107,68.14,243.3618563725713
2020/04/30,29.45,21092,20837.14,790,525.29,2586,2525.43,124,69.29,250.22732130048888
2020/05/01,29.99,21520,21379.29,428,542.14,2653,2596.14,67,70.71,257.233484167469
2020/05/02,30.17,22082,21892.86,562,513.57,2669,2667.43,16,71.29,264.29711520674226
2020/05/03,30.43,22317,22409.43,235,516.57,2679,2735.86,10,68.43,271.0773687067769
2020/05/04,30.62,22721,22913.86,404,504.43,2769,2800.71,90,64.86,277.50290486748486
2020/05/05,31.07,23216,23448.86,495,535.00,2854,2875.29,85,74.57,284.8925191599382
2020/05/06,31.83,23918,23997.29,702,548.43,2941,2954.00,87,78.71,292.691346472341
2020/05/07,32.74,24623,24569.43,705,572.14,3040,3032.00,99,78.00,300.4198248152126
2020/05/08,33.71,25265,25133.57,642,564.14,3175,3101.57,135,69.57,307.31303299871996
2020/05/09,35.08,25921,25713.00,656,579.43,3220,3167.14,45,65.57,313.80990895951595
2020/05/10,36.28,26322,26283.14,401,570.14,3225,3241.29,5,74.14,321.15691753802787
2020/05/11,37.50,26670,26848.71,348,565.57,3256,3311.14,31,69.86,328.077868977125
