Date,Td,R0,Cases(Tot.),Cases(7Ave.),Cases(Day),Cases(7Ave.Day),Deaths(Tot.),Death(7Ave.),Death(Day),Death(7Ave.Day),Death/Mil.pop(7Ave.Day)
2020/01/27,7.26,1.95,5,5.71,1,1.14,0,0.00,0,0.00,0.0
2020/01/28,8.35,1.79,8,6.71,3,1.00,0,0.00,0,0.00,0.0
2020/01/29,9.29,1.69,8,7.71,0,1.00,0,0.00,0,0.00,0.0
2020/01/30,9.69,1.65,9,8.57,1,0.86,0,0.00,0,0.00,0.0
2020/01/31,9.74,1.65,10,9.29,1,0.71,0,0.00,0,0.00,0.0
2020/02/01,9.38,1.68,10,9.71,0,0.43,0,0.00,0,0.00,0.0
2020/02/02,9.09,1.71,10,10.14,0,0.43,0,0.00,0,0.00,0.0
2020/02/03,10.65,1.58,10,11.14,0,1.00,0,0.00,0,0.00,0.0
2020/02/04,12.20,1.49,11,12.00,1,0.86,0,0.00,0,0.00,0.0
2020/02/05,14.91,1.38,11,13.00,0,1.00,0,0.00,0,0.00,0.0
2020/02/06,18.85,1.29,16,14.14,5,1.14,0,0.00,0,0.00,0.0
2020/02/07,23.12,1.23,16,15.29,0,1.14,0,0.00,0,0.00,0.0
2020/02/08,27.53,1.19,17,16.29,1,1.00,0,0.00,0,0.00,0.0
2020/02/09,31.80,1.16,18,17.29,1,1.00,0,0.00,0,0.00,0.0
2020/02/10,27.21,1.20,18,17.57,0,0.29,0,0.00,0,0.00,0.0
2020/02/11,22.59,1.24,18,17.86,0,0.29,0,0.00,0,0.00,0.0
2020/02/12,18.83,1.29,18,18.00,0,0.14,0,0.00,0,0.00,0.0
2020/02/13,16.76,1.34,18,18.29,0,0.29,0,0.14,0,0.14,0.0058793208914024765
2020/02/14,15.94,1.36,18,18.86,0,0.57,0,0.29,0,0.14,0.012178593275047986
2020/02/15,14.98,1.38,18,19.43,0,0.57,0,0.43,0,0.14,0.018057914166450462
2020/02/16,14.51,1.40,20,20.14,2,0.71,1,0.57,1,0.14,0.023937235057852935
2020/02/17,14.58,1.39,22,21.00,2,0.86,1,0.71,0,0.14,0.029816555949255415
2020/02/18,15.26,1.37,22,22.14,0,1.14,1,0.86,0,0.14,0.036115828332900925
2020/02/19,14.85,1.39,23,23.29,1,1.14,1,1.00,0,0.14,0.041995149224303405
2020/02/20,14.68,1.39,24,24.43,1,1.14,1,1.00,0,0.00,0.041995149224303405
2020/02/21,14.70,1.39,26,25.57,2,1.14,1,1.00,0,0.00,0.041995149224303405
2020/02/22,14.97,1.38,26,26.86,0,1.29,1,1.00,0,0.00,0.041995149224303405
2020/02/23,15.39,1.37,28,28.14,2,1.29,1,1.00,0,0.00,0.041995149224303405
2020/02/24,15.22,1.38,30,29.29,2,1.14,1,1.00,0,0.00,0.041995149224303405
2020/02/25,15.21,1.38,31,30.43,1,1.14,1,1.00,0,0.00,0.041995149224303405
2020/02/26,17.35,1.32,32,32.29,1,1.86,1,1.00,0,0.00,0.041995149224303405
2020/02/27,19.82,1.28,32,34.00,0,1.71,1,1.00,0,0.00,0.041995149224303405
2020/02/28,22.81,1.24,34,35.57,2,1.57,1,1.00,0,0.00,0.041995149224303405
2020/02/29,26.16,1.20,39,37.14,5,1.57,1,1.00,0,0.00,0.041995149224303405
2020/03/01,29.09,1.18,40,38.57,1,1.43,1,1.00,0,0.00,0.041995149224303405
2020/03/02,34.95,1.15,41,40.29,1,1.71,1,1.00,0,0.00,0.041995149224303405
2020/03/03,41.89,1.12,42,41.86,1,1.57,1,1.00,0,0.00,0.041995149224303405
2020/03/04,40.54,1.13,42,42.71,0,0.86,1,1.00,0,0.00,0.041995149224303405
2020/03/05,33.77,1.15,44,43.43,2,0.71,1,1.00,0,0.00,0.041995149224303405
2020/03/06,25.33,1.21,45,44.00,1,0.57,1,1.00,0,0.00,0.041995149224303405
2020/03/07,19.19,1.29,45,44.71,0,0.71,1,1.00,0,0.00,0.041995149224303405
2020/03/08,13.66,1.43,45,45.57,0,0.86,1,1.00,0,0.00,0.041995149224303405
2020/03/09,10.52,1.59,45,46.29,0,0.71,1,1.00,0,0.00,0.041995149224303405
2020/03/10,8.10,1.82,47,47.00,2,0.71,1,1.00,0,0.00,0.041995149224303405
2020/03/11,6.65,2.07,48,48.14,1,1.14,1,1.00,0,0.00,0.041995149224303405
2020/03/12,5.81,2.31,49,50.14,1,2.00,1,1.00,0,0.00,0.041995149224303405
2020/03/13,5.27,2.51,50,53.29,1,3.14,1,1.00,0,0.00,0.041995149224303405
2020/03/14,4.95,2.67,53,57.57,3,4.29,1,1.00,0,0.00,0.041995149224303405
2020/03/15,4.96,2.66,59,65.00,6,7.43,1,1.00,0,0.00,0.041995149224303405
2020/03/16,5.01,2.63,67,73.43,8,8.43,1,1.00,0,0.00,0.041995149224303405
2020/03/17,5.34,2.48,77,85.57,10,12.14,1,1.14,0,0.14,0.04787447011570587
2020/03/18,5.79,2.31,100,99.86,23,14.29,1,1.29,0,0.14,0.05417374249935139
2020/03/19,6.31,2.16,108,115.57,8,15.71,1,1.43,0,0.14,0.060053063390753864
2020/03/20,7.10,1.98,135,133.86,27,18.29,2,1.57,1,0.14,0.06593238428215634
2020/03/21,8.06,1.83,153,153.57,18,19.71,2,1.71,0,0.14,0.07181170517355881
2020/03/22,9.14,1.70,169,172.86,16,19.29,2,1.86,0,0.14,0.07811097755720434
2020/03/23,10.56,1.58,195,193.43,26,20.57,2,2.00,0,0.14,0.08399029844860681
2020/03/24,12.02,1.50,215,212.29,20,18.86,2,2.00,0,0.00,0.08399029844860681
2020/03/25,13.80,1.42,235,230.86,20,18.57,2,2.00,0,0.00,0.08399029844860681
2020/03/26,16.03,1.35,252,249.29,17,18.43,2,2.00,0,0.00,0.08399029844860681
2020/03/27,18.03,1.31,267,265.14,15,15.86,2,2.43,0,0.43,0.10204821261505727
2020/03/28,20.65,1.26,283,280.43,16,15.29,2,2.86,0,0.43,0.12010612678150773
2020/03/29,23.31,1.23,298,293.86,15,13.43,2,3.29,0,0.43,0.1381640409479582
2020/03/30,26.55,1.20,306,306.29,8,12.43,5,3.71,3,0.43,0.15580200362216562
2020/03/31,30.55,1.17,322,317.86,16,11.57,5,4.14,0,0.43,0.17385991778861606
2020/04/01,35.05,1.15,329,328.14,7,10.29,5,4.57,0,0.43,0.19191783195506656
2020/04/02,40.45,1.13,339,337.43,10,9.29,5,5.00,0,0.43,0.209975746121517
2020/04/03,48.78,1.10,348,347.00,9,9.57,5,5.00,0,0.00,0.209975746121517
2020/04/04,57.91,1.09,355,354.71,7,7.71,5,5.00,0,0.00,0.209975746121517
2020/04/05,69.57,1.07,363,361.86,8,7.14,5,5.00,0,0.00,0.209975746121517
2020/04/06,81.94,1.06,373,367.71,10,5.86,5,5.00,0,0.00,0.209975746121517
2020/04/07,95.44,1.05,376,372.57,3,4.86,5,5.14,0,0.14,0.21585506701291948
2020/04/08,109.97,1.05,379,376.86,3,4.29,5,5.29,0,0.14,0.222154339396565
2020/04/09,104.95,1.05,380,380.43,1,3.57,5,5.43,0,0.14,0.22803366028796745
2020/04/10,98.87,1.05,382,383.29,2,2.86,6,5.57,1,0.14,0.23391298117936996
2020/04/11,89.73,1.06,385,385.71,3,2.43,6,5.71,0,0.14,0.23979230207077243
2020/04/12,82.27,1.06,388,388.00,3,2.29,6,5.86,0,0.14,0.24609157445441796
2020/04/13,75.21,1.07,393,390.14,5,2.14,6,6.00,0,0.14,0.2519708953458204
2020/04/14,68.30,1.07,393,392.00,0,1.86,6,6.00,0,0.00,0.2519708953458204
2020/04/15,63.20,1.08,395,393.86,2,1.86,6,6.00,0,0.00,0.2519708953458204
2020/04/16,71.10,1.07,395,398.43,0,4.57,6,6.00,0,0.00,0.2519708953458204
2020/04/17,80.53,1.06,395,402.57,0,4.14,6,6.00,0,0.00,0.2519708953458204
2020/04/18,96.47,1.05,398,407.14,3,4.57,6,6.00,0,0.00,0.2519708953458204
2020/04/19,119.88,1.04,420,411.57,22,4.43,6,6.00,0,0.00,0.2519708953458204
2020/04/20,161.15,1.03,422,416.14,2,4.57,6,6.00,0,0.00,0.2519708953458204
2020/04/21,253.28,1.02,425,420.86,3,4.71,6,6.00,0,0.00,0.2519708953458204
2020/04/22,500.86,1.01,426,425.29,1,4.43,6,6.00,0,0.00,0.2519708953458204
2020/04/23,538.62,1.01,427,426.57,1,1.29,6,6.00,0,0.00,0.2519708953458204
2020/04/24,503.53,1.01,428,427.57,1,1.00,6,6.00,0,0.00,0.2519708953458204
2020/04/25,429.86,1.01,429,428.14,1,0.57,6,6.00,0,0.00,0.2519708953458204
2020/04/26,357.27,1.01,429,428.57,0,0.43,6,6.00,0,0.00,0.2519708953458204
2020/04/27,293.85,1.02,429,428.86,0,0.29,6,6.00,0,0.00,0.2519708953458204
2020/04/28,245.30,1.02,429,429.00,0,0.14,6,6.00,0,0.00,0.2519708953458204
2020/04/29,226.94,1.02,429,429.43,0,0.43,6,6.00,0,0.00,0.2519708953458204
2020/04/30,238.14,1.02,429,430.43,0,1.00,6,6.00,0,0.00,0.2519708953458204
2020/05/01,268.92,1.02,429,431.71,0,1.29,6,6.00,0,0.00,0.2519708953458204
2020/05/02,308.68,1.02,432,433.00,3,1.29,6,6.00,0,0.00,0.2519708953458204
2020/05/03,380.85,1.01,436,434.43,4,1.43,6,6.00,0,0.00,0.2519708953458204
2020/05/04,531.29,1.01,438,436.00,2,1.57,6,6.00,0,0.00,0.2519708953458204
2020/05/05,876.13,1.01,438,437.57,0,1.57,6,6.00,0,0.00,0.2519708953458204
2020/05/06,1652.53,1.00,439,438.71,1,1.14,6,6.00,0,0.00,0.2519708953458204
2020/05/07,3004.47,1.00,440,439.29,1,0.57,6,6.00,0,0.00,0.2519708953458204
2020/05/08,4962.44,1.00,440,439.57,0,0.29,6,6.14,0,0.14,0.2578502162372229
2020/05/09,15246.81,1.00,440,439.86,0,0.29,6,6.29,0,0.14,0.2641494886208684
2020/05/10,NG,NG,440,440.00,0,0.14,6,6.43,0,0.14,0.2700288095122709
2020/05/11,NG,NG,440,440.00,0,0.00,7,6.57,1,0.14,0.27590813040367335
2020/05/12,15251.66,1.00,440,440.00,0,0.00,7,6.71,0,0.14,0.2817874512950758
2020/05/13,7364.13,1.00,440,440.00,0,0.00,7,6.86,0,0.14,0.28808672367872135
2020/05/14,4967.29,1.00,440,440.00,0,0.00,7,7.00,0,0.14,0.2939660445701238
2020/05/15,3747.85,1.00,440,440.00,0,0.00,7,7.00,0,0.00,0.2939660445701238
2020/05/16,3009.32,1.00,440,440.00,0,0.00,7,7.00,0,0.00,0.2939660445701238
2020/05/17,2484.86,1.00,440,440.00,0,0.00,7,7.00,0,0.00,0.2939660445701238
2020/05/18,2137.32,1.00,440,440.00,0,0.00,7,7.00,0,0.00,0.2939660445701238
2020/05/19,2138.00,1.00,440,440.14,0,0.14,7,7.00,0,0.00,0.2939660445701238
2020/05/20,2138.73,1.00,440,440.29,0,0.14,7,7.00,0,0.00,0.2939660445701238
2020/05/21,2139.40,1.00,440,440.43,0,0.14,7,7.00,0,0.00,0.2939660445701238
2020/05/22,1877.56,1.00,441,440.57,1,0.14,7,7.00,0,0.00,0.2939660445701238
2020/05/23,1660.05,1.00,441,440.71,0,0.14,7,7.00,0,0.00,0.2939660445701238
2020/05/24,1498.28,1.00,441,440.86,0,0.14,7,7.00,0,0.00,0.2939660445701238
2020/05/25,1365.32,1.00,441,441.00,0,0.14,7,7.00,0,0.00,0.2939660445701238
2020/05/26,1365.75,1.00,441,441.14,0,0.14,7,7.00,0,0.00,0.2939660445701238
