Date,Td,R0,Cases(Tot.),Cases(7Ave.),Cases(Day),Cases(7Ave.Day),Deaths(Tot.),Death(7Ave.),Death(Day),Death(7Ave.Day),Death/Mil.pop(7Ave.Day)
2020/01/27,6.31,2.16,8,10.00,0,1.57,0,0.00,0,0.00,0.0
2020/01/28,7.76,1.87,14,12.00,6,2.00,0,0.00,0,0.00,0.0
2020/01/29,8.48,1.77,14,13.71,0,1.71,0,0.00,0,0.00,0.0
2020/01/30,9.05,1.71,14,15.29,0,1.57,0,0.00,0,0.00,0.0
2020/01/31,9.57,1.66,19,16.86,5,1.57,0,0.00,0,0.00,0.0
2020/02/01,10.59,1.58,19,18.43,0,1.57,0,0.00,0,0.00,0.0
2020/02/02,11.69,1.51,19,20.00,0,1.57,0,0.00,0,0.00,0.0
2020/02/03,12.89,1.46,19,21.57,0,1.57,0,0.00,0,0.00,0.0
2020/02/04,13.01,1.45,25,22.43,6,0.86,0,0.00,0,0.00,0.0
2020/02/05,16.30,1.35,25,24.29,0,1.86,0,0.00,0,0.00,0.0
2020/02/06,20.82,1.26,25,26.14,0,1.86,0,0.00,0,0.00,0.0
2020/02/07,27.37,1.19,25,28.00,0,1.86,0,0.00,0,0.00,0.0
2020/02/08,33.31,1.16,32,29.14,7,1.14,0,0.00,0,0.00,0.0
2020/02/09,41.99,1.12,32,30.29,0,1.14,0,0.00,0,0.00,0.0
2020/02/10,55.71,1.09,32,31.43,0,1.14,0,0.00,0,0.00,0.0
2020/02/11,81.42,1.06,33,32.57,1,1.14,0,0.00,0,0.00,0.0
2020/02/12,76.22,1.07,33,32.71,0,0.14,0,0.00,0,0.00,0.0
2020/02/13,82.46,1.06,33,33.00,0,0.29,0,0.00,0,0.00,0.0
2020/02/14,105.72,1.05,33,33.43,0,0.43,0,0.00,0,0.00,0.0
2020/02/15,105.93,1.05,33,33.71,0,0.29,0,0.00,0,0.00,0.0
2020/02/16,84.89,1.06,34,34.00,1,0.29,0,0.00,0,0.00,0.0
2020/02/17,71.15,1.07,35,34.29,1,0.29,0,0.00,0,0.00,0.0
2020/02/18,58.30,1.09,35,34.57,0,0.29,0,0.00,0,0.00,0.0
2020/02/19,47.98,1.11,35,34.86,0,0.29,0,0.00,0,0.00,0.0
2020/02/20,39.54,1.13,35,35.00,0,0.14,0,0.00,0,0.00,0.0
2020/02/21,32.11,1.16,35,35.00,0,0.00,0,0.00,0,0.00,0.0
2020/02/22,29.63,1.18,35,35.29,0,0.29,0,0.00,0,0.00,0.0
2020/02/23,31.48,1.17,35,36.00,0,0.71,0,0.00,0,0.00,0.0
2020/02/24,30.68,1.17,35,36.71,0,0.71,0,0.00,0,0.00,0.0
2020/02/25,30.71,1.17,37,37.57,2,0.86,0,0.00,0,0.00,0.0
2020/02/26,30.85,1.17,40,38.57,3,1.00,0,0.00,0,0.00,0.0
2020/02/27,30.93,1.17,40,39.57,0,1.00,0,0.14,0,0.14,0.002006258753468159
2020/02/28,32.38,1.16,41,40.71,1,1.14,0,0.29,0,0.14,0.004155821703612614
2020/02/29,30.61,1.17,42,41.57,1,0.86,0,0.43,0,0.14,0.006162080457080773
2020/03/01,24.99,1.21,42,42.00,0,0.43,1,0.57,1,0.14,0.008168339210548931
2020/03/02,20.81,1.26,43,43.00,1,1.00,1,0.71,0,0.14,0.010174597964017089
2020/03/03,17.41,1.32,43,44.00,0,1.00,1,0.86,0,0.14,0.012324160914161546
2020/03/04,14.76,1.39,43,45.14,0,1.14,1,1.00,0,0.14,0.014330419667629704
2020/03/05,11.03,1.55,47,46.29,4,1.14,1,1.00,0,0.00,0.014330419667629704
2020/03/06,8.16,1.81,48,47.29,1,1.00,1,1.00,0,0.00,0.014330419667629704
2020/03/07,6.44,2.12,50,48.71,2,1.43,1,1.00,0,0.00,0.014330419667629704
2020/03/08,5.40,2.46,50,51.00,0,2.29,1,1.00,0,0.00,0.014330419667629704
2020/03/09,4.65,2.84,50,54.29,0,3.29,1,1.00,0,0.00,0.014330419667629704
2020/03/10,4.11,3.26,53,58.14,3,3.86,1,1.00,0,0.00,0.014330419667629704
2020/03/11,3.66,3.76,59,62.71,6,4.57,1,1.00,0,0.00,0.014330419667629704
2020/03/12,3.35,4.26,70,71.86,11,9.14,1,1.00,0,0.00,0.014330419667629704
2020/03/13,3.21,4.53,75,85.71,5,13.86,1,1.00,0,0.00,0.014330419667629704
2020/03/14,3.16,4.64,82,103.43,7,17.71,1,1.00,0,0.00,0.014330419667629704
2020/03/15,3.15,4.67,114,125.29,32,21.86,1,1.00,0,0.00,0.014330419667629704
2020/03/16,3.22,4.51,147,154.14,33,28.86,1,1.00,0,0.00,0.014330419667629704
2020/03/17,3.34,4.27,177,189.43,30,35.29,1,1.00,0,0.00,0.014330419667629704
2020/03/18,3.54,3.94,212,236.43,35,47.00,1,1.00,0,0.00,0.014330419667629704
2020/03/19,3.96,3.41,272,305.71,60,69.29,1,1.00,0,0.00,0.014330419667629704
2020/03/20,4.44,2.98,322,387.71,50,82.00,1,1.00,0,0.00,0.014330419667629704
2020/03/21,4.97,2.65,411,480.57,89,92.86,1,1.43,0,0.43,0.020492500124710475
2020/03/22,5.57,2.39,599,583.71,188,103.14,1,1.86,0,0.43,0.02665458058179125
2020/03/23,6.23,2.18,721,694.14,122,110.43,1,2.29,0,0.43,0.03281666103887202
2020/03/24,6.92,2.02,827,810.43,106,116.29,4,2.86,3,0.57,0.04098500024942095
2020/03/25,7.67,1.88,934,929.57,107,119.14,4,3.57,0,0.71,0.05115959821343804
2020/03/26,8.36,1.79,1045,1042.29,111,112.71,4,4.43,0,0.86,0.06348375912759958
2020/03/27,9.19,1.70,1136,1157.00,91,114.71,5,5.57,1,1.14,0.07982043754869746
2020/03/28,10.23,1.61,1245,1274.71,109,117.71,6,6.43,1,0.86,0.092144598462859
2020/03/29,11.40,1.53,1388,1394.29,143,119.57,7,7.57,1,1.14,0.10848127688395687
2020/03/30,12.77,1.46,1524,1512.86,136,118.57,9,9.14,2,1.57,0.13098003576213552
2020/03/31,14.49,1.40,1651,1633.14,127,120.29,10,11.14,1,2.00,0.1596408750973949
2020/04/01,16.55,1.34,1771,1750.57,120,117.43,12,13.14,2,2.00,0.1883017144326543
2020/04/02,19.07,1.29,1875,1862.14,104,111.57,15,15.43,3,2.29,0.22111837547152632
2020/04/03,21.70,1.25,1978,1961.57,103,99.43,19,17.86,4,2.43,0.2559412952638665
2020/04/04,24.17,1.22,2067,2048.29,89,86.71,20,20.29,1,2.43,0.2907642150562067
2020/04/05,27.66,1.19,2169,2133.71,102,85.43,23,22.86,3,2.57,0.327593393602015
2020/04/06,31.65,1.17,2220,2212.00,51,78.29,26,25.29,3,2.43,0.3624163133943552
2020/04/07,36.12,1.14,2258,2282.71,38,70.71,27,27.29,1,2.00,0.39107715272961463
2020/04/08,41.06,1.13,2369,2347.14,111,64.43,30,29.43,3,2.14,0.4217442508183422
2020/04/09,45.47,1.11,2423,2401.71,54,54.57,32,31.57,2,2.14,0.45241134890706974
2020/04/10,50.08,1.10,2473,2453.00,50,51.29,33,33.57,1,2.00,0.48107218824232917
2020/04/11,55.87,1.09,2518,2503.71,45,50.71,35,35.57,2,2.00,0.5097330275775885
2020/04/12,60.01,1.08,2551,2542.86,33,39.14,38,37.43,3,1.86,0.5363876081593798
2020/04/13,64.20,1.08,2579,2578.43,28,35.57,40,39.43,2,2.00,0.5650484474946392
2020/04/14,65.87,1.08,2613,2610.86,34,32.43,41,41.43,1,2.00,0.5937092868298987
2020/04/15,68.56,1.07,2643,2641.57,30,30.71,43,43.14,2,1.71,0.6182143044615455
2020/04/16,72.27,1.07,2672,2672.14,29,30.57,46,44.43,3,1.29,0.6367005458327878
2020/04/17,77.33,1.06,2700,2702.57,28,30.43,47,45.43,1,1.00,0.6510309655004175
2020/04/18,82.78,1.06,2733,2730.86,33,28.29,47,46.43,0,1.00,0.6653613851680472
2020/04/19,88.15,1.06,2765,2757.00,32,26.14,47,47.29,0,0.86,0.6776855460822087
2020/04/20,93.22,1.05,2792,2780.86,27,23.86,47,47.86,0,0.57,0.6858538852927576
2020/04/21,110.15,1.05,2811,2810.43,19,29.57,48,48.43,1,0.57,0.6940222245033065
2020/04/22,127.31,1.04,2826,2835.29,15,24.86,49,49.00,1,0.57,0.7021905637138555
2020/04/23,149.25,1.03,2839,2857.71,13,22.43,50,49.57,1,0.57,0.7103589029244044
2020/04/24,171.51,1.03,2907,2877.57,68,19.86,51,50.29,1,0.71,0.7206768050850978
2020/04/25,198.70,1.02,2907,2895.71,0,18.14,51,51.14,0,0.86,0.732857661802583
2020/04/26,236.85,1.02,2922,2913.00,15,17.29,51,51.86,0,0.71,0.7431755639632764
2020/04/27,290.85,1.02,2931,2929.43,9,16.43,52,52.43,1,0.57,0.7513439031738254
2020/04/28,302.87,1.02,2938,2937.00,7,7.57,54,52.86,2,0.43,0.7575059836309062
2020/04/29,324.08,1.02,2947,2945.43,9,8.43,54,53.29,0,0.43,0.7636680640879869
2020/04/30,332.24,1.01,2954,2952.14,7,6.71,54,53.71,0,0.43,0.7696868403483914
2020/05/01,366.68,1.01,2960,2960.14,6,8.00,54,54.00,0,0.29,0.773842662052004
2020/05/02,397.74,1.01,2966,2967.29,6,7.14,54,54.00,0,0.00,0.773842662052004
2020/05/03,421.55,1.01,2969,2973.29,3,6.00,54,54.14,0,0.14,0.7758489208054722
2020/05/04,444.13,1.01,2987,2978.71,18,5.43,54,54.29,0,0.14,0.7779984837556166
2020/05/05,476.11,1.01,2988,2984.43,1,5.71,54,54.43,0,0.14,0.7800047425090848
2020/05/06,517.95,1.01,2989,2989.86,1,5.43,55,54.71,1,0.29,0.7840172600160211
2020/05/07,580.57,1.01,2992,2995.57,3,5.71,55,55.00,0,0.29,0.7881730817196337
2020/05/08,623.59,1.01,3000,2999.57,8,4.00,55,55.29,0,0.29,0.7923289034232464
2020/05/09,677.77,1.01,3004,3003.71,4,4.14,56,55.57,1,0.29,0.7963414209301827
2020/05/10,732.10,1.01,3009,3007.71,5,4.00,56,55.71,0,0.14,0.7983476796836508
2020/05/11,771.45,1.01,3015,3011.43,6,3.71,56,55.86,0,0.14,0.8004972426337953
2020/05/12,855.92,1.01,3017,3015.00,2,3.57,56,56.00,0,0.14,0.8025035013872635
2020/05/13,901.35,1.01,3017,3018.00,0,3.00,56,56.00,0,0.00,0.8025035013872635
2020/05/14,961.00,1.01,3018,3020.71,1,2.71,56,56.00,0,0.00,0.8025035013872635
2020/05/15,1009.13,1.00,3025,3023.00,7,2.29,56,56.00,0,0.00,0.8025035013872635
2020/05/16,1050.91,1.00,3025,3025.29,0,2.29,56,56.00,0,0.00,0.8025035013872635
2020/05/17,1020.48,1.00,3028,3027.71,3,2.43,56,56.00,0,0.00,0.8025035013872635
2020/05/18,938.37,1.01,3031,3030.43,3,2.71,56,56.00,0,0.00,0.8025035013872635
2020/05/19,754.19,1.01,3033,3032.14,2,1.71,56,56.00,0,0.00,0.8025035013872635
2020/05/20,650.70,1.01,3034,3034.29,1,2.14,56,56.00,0,0.00,0.8025035013872635
