Date,Td,R0,Cases(Tot.),Cases(7Ave.),Cases(Day),Cases(7Ave.Day),Deaths(Tot.),Death(7Ave.),Death(Day),Death(7Ave.Day),Death/Mil.pop(7Ave.Day)
2020/01/27,NG,NG,0,0.00,0,0.00,0,0.00,0,0.00,0.0
2020/01/28,NG,NG,0,0.00,0,0.00,0,0.00,0,0.00,0.0
2020/01/29,NG,NG,0,0.00,0,0.00,0,0.00,0,0.00,0.0
2020/01/30,NG,NG,0,0.00,0,0.00,0,0.00,0,0.00,0.0
2020/01/31,NG,NG,0,0.00,0,0.00,0,0.00,0,0.00,0.0
2020/02/01,NG,NG,0,0.00,0,0.00,0,0.00,0,0.00,0.0
2020/02/02,NG,NG,0,0.00,0,0.00,0,0.00,0,0.00,0.0
2020/02/03,NG,NG,0,0.00,0,0.00,0,0.00,0,0.00,0.0
2020/02/04,NG,NG,0,0.00,0,0.00,0,0.00,0,0.00,0.0
2020/02/05,NG,NG,0,0.00,0,0.00,0,0.00,0,0.00,0.0
2020/02/06,NG,NG,0,0.00,0,0.00,0,0.00,0,0.00,0.0
2020/02/07,NG,NG,0,0.00,0,0.00,0,0.00,0,0.00,0.0
2020/02/08,NG,NG,0,0.00,0,0.00,0,0.00,0,0.00,0.0
2020/02/09,NG,NG,0,0.00,0,0.00,0,0.00,0,0.00,0.0
2020/02/10,NG,NG,0,0.00,0,0.00,0,0.00,0,0.00,0.0
2020/02/11,NG,NG,0,0.00,0,0.00,0,0.00,0,0.00,0.0
2020/02/12,NG,NG,0,0.00,0,0.00,0,0.00,0,0.00,0.0
2020/02/13,NG,NG,0,0.00,0,0.00,0,0.00,0,0.00,0.0
2020/02/14,NG,NG,0,0.00,0,0.00,0,0.00,0,0.00,0.0
2020/02/15,NG,NG,0,0.00,0,0.00,0,0.00,0,0.00,0.0
2020/02/16,NG,NG,0,0.00,0,0.00,0,0.00,0,0.00,0.0
2020/02/17,NG,NG,0,0.00,0,0.00,0,0.00,0,0.00,0.0
2020/02/18,NG,NG,0,0.00,0,0.00,0,0.00,0,0.00,0.0
2020/02/19,NG,NG,0,0.00,0,0.00,0,0.00,0,0.00,0.0
2020/02/20,NG,NG,0,0.00,0,0.00,0,0.00,0,0.00,0.0
2020/02/21,NG,NG,0,0.00,0,0.00,0,0.00,0,0.00,0.0
2020/02/22,NG,NG,0,0.00,0,0.00,0,0.00,0,0.00,0.0
2020/02/23,NG,NG,0,0.00,0,0.00,0,0.00,0,0.00,0.0
2020/02/24,NG,NG,0,0.00,0,0.00,0,0.00,0,0.00,0.0
2020/02/25,NG,NG,0,0.00,0,0.00,0,0.00,0,0.00,0.0
2020/02/26,NG,NG,0,0.00,0,0.00,0,0.00,0,0.00,0.0
2020/02/27,NG,NG,0,0.00,0,0.00,0,0.00,0,0.00,0.0
2020/02/28,NG,NG,0,0.00,0,0.00,0,0.00,0,0.00,0.0
2020/02/29,NG,NG,0,0.00,0,0.00,0,0.00,0,0.00,0.0
2020/03/01,NG,NG,0,0.00,0,0.00,0,0.00,0,0.00,0.0
2020/03/02,NG,NG,0,0.00,0,0.00,0,0.00,0,0.00,0.0
2020/03/03,NG,NG,0,0.00,0,0.00,0,0.00,0,0.00,0.0
2020/03/04,NG,NG,0,0.00,0,0.00,0,0.00,0,0.00,0.0
2020/03/05,NG,NG,0,0.00,0,0.00,0,0.00,0,0.00,0.0
2020/03/06,NG,NG,0,0.00,0,0.00,0,0.00,0,0.00,0.0
2020/03/07,NG,NG,0,0.00,0,0.00,0,0.00,0,0.00,0.0
2020/03/08,NG,NG,0,0.00,0,0.00,0,0.00,0,0.00,0.0
2020/03/09,NG,NG,0,0.00,0,0.00,0,0.00,0,0.00,0.0
2020/03/10,NG,NG,0,0.00,0,0.00,0,0.00,0,0.00,0.0
2020/03/11,NG,NG,0,0.00,0,0.00,0,0.00,0,0.00,0.0
2020/03/12,NG,NG,0,0.00,0,0.00,0,0.00,0,0.00,0.0
2020/03/13,NG,NG,0,0.00,0,0.00,0,0.00,0,0.00,0.0
2020/03/14,NG,NG,0,0.00,0,0.00,0,0.00,0,0.00,0.0
2020/03/15,NG,NG,0,0.00,0,0.00,0,0.00,0,0.00,0.0
2020/03/16,NG,NG,0,0.00,0,0.00,0,0.00,0,0.00,0.0
2020/03/17,NG,NG,0,0.00,0,0.00,0,0.00,0,0.00,0.0
2020/03/18,1.05,101.59,0,0.14,0,0.14,0,0.00,0,0.00,0.0
2020/03/19,1.16,65.55,0,0.29,0,0.14,0,0.00,0,0.00,0.0
2020/03/20,1.83,14.17,0,1.57,0,1.29,0,0.00,0,0.00,0.0
2020/03/21,2.15,9.55,1,2.86,1,1.29,0,0.00,0,0.00,0.0
2020/03/22,2.59,6.51,1,4.86,0,2.00,0,0.00,0,0.00,0.0
2020/03/23,2.93,5.24,9,6.86,8,2.00,0,0.00,0,0.00,0.0
2020/03/24,3.56,3.91,9,10.14,0,3.29,0,0.00,0,0.00,0.0
2020/03/25,4.49,2.95,14,14.29,5,4.14,0,0.00,0,0.00,0.0
2020/03/26,5.60,2.38,14,18.86,0,4.57,0,0.00,0,0.00,0.0
2020/03/27,6.40,2.13,23,22.29,9,3.43,0,0.00,0,0.00,0.0
2020/03/28,8.37,1.79,30,27.29,7,5.00,0,0.00,0,0.00,0.0
2020/03/29,10.55,1.58,33,31.57,3,4.29,0,0.00,0,0.00,0.0
2020/03/30,13.82,1.42,33,36.00,0,4.43,0,0.00,0,0.00,0.0
2020/03/31,17.94,1.31,44,39.57,11,3.57,0,0.00,0,0.00,0.0
2020/04/01,21.94,1.25,44,42.14,0,2.57,0,0.00,0,0.00,0.0
2020/04/02,29.57,1.18,45,44.86,1,2.71,0,0.00,0,0.00,0.0
2020/04/03,43.82,1.12,48,47.57,3,2.71,0,0.00,0,0.00,0.0
2020/04/04,51.02,1.10,48,48.71,0,1.14,0,0.00,0,0.00,0.0
2020/04/05,65.25,1.08,52,50.00,4,1.29,0,0.00,0,0.00,0.0
2020/04/06,85.11,1.06,52,51.14,0,1.14,0,0.00,0,0.00,0.0
2020/04/07,95.26,1.05,52,51.86,0,0.71,0,0.00,0,0.00,0.0
2020/04/08,113.79,1.04,53,52.57,1,0.71,0,0.00,0,0.00,0.0
2020/04/09,122.26,1.04,53,52.86,0,0.29,0,0.00,0,0.00,0.0
2020/04/10,122.33,1.04,53,53.14,0,0.29,0,0.00,0,0.00,0.0
2020/04/11,103.54,1.05,53,53.57,0,0.43,0,0.00,0,0.00,0.0
2020/04/12,78.59,1.06,54,53.86,1,0.29,0,0.00,0,0.00,0.0
2020/04/13,47.21,1.11,54,54.14,0,0.29,0,0.00,0,0.00,0.0
2020/04/14,34.90,1.15,55,54.57,1,0.43,0,0.00,0,0.00,0.0
2020/04/15,27.21,1.20,55,54.86,0,0.29,0,0.00,0,0.00,0.0
2020/04/16,21.40,1.25,55,55.00,0,0.14,0,0.00,0,0.00,0.0
2020/04/17,18.10,1.31,56,55.29,1,0.29,0,0.00,0,0.00,0.0
2020/04/18,16.86,1.33,55,56.14,-1,0.86,0,0.00,0,0.00,0.0
2020/04/19,16.11,1.35,55,57.29,0,1.14,0,0.00,0,0.00,0.0
2020/04/20,17.88,1.31,56,60.00,1,2.71,0,0.00,0,0.00,0.0
2020/04/21,19.78,1.28,61,62.71,5,2.71,0,0.00,0,0.00,0.0
2020/04/22,21.70,1.25,63,65.57,2,2.86,0,0.00,0,0.00,0.0
2020/04/23,25.55,1.21,74,69.00,11,3.43,0,0.00,0,0.00,0.0
2020/04/24,27.94,1.19,75,72.29,1,3.29,0,0.00,0,0.00,0.0
2020/04/25,28.58,1.19,75,74.86,0,2.57,0,0.00,0,0.00,0.0
2020/04/26,29.19,1.18,79,77.43,4,2.57,0,0.00,0,0.00,0.0
2020/04/27,27.33,1.19,79,78.71,0,1.29,0,0.00,0,0.00,0.0
2020/04/28,26.43,1.20,79,80.14,0,1.43,0,0.00,0,0.00,0.0
2020/04/29,24.10,1.22,81,82.00,2,1.86,0,0.00,0,0.00,0.0
2020/04/30,21.22,1.26,83,83.43,2,1.43,0,0.00,0,0.00,0.0
2020/05/01,21.05,1.26,85,86.00,2,2.57,0,0.00,0,0.00,0.0
2020/05/02,20.26,1.27,88,88.71,3,2.71,0,0.00,0,0.00,0.0
2020/05/03,18.84,1.29,89,91.43,1,2.71,0,0.00,0,0.00,0.0
2020/05/04,16.25,1.35,97,94.00,8,2.57,0,0.00,0,0.00,0.0
2020/05/05,12.65,1.47,98,96.29,1,2.29,0,0.00,0,0.00,0.0
2020/05/06,10.80,1.57,100,100.29,2,4.00,0,0.00,0,0.00,0.0
2020/05/07,9.77,1.64,101,104.86,1,4.57,0,0.00,0,0.00,0.0
2020/05/08,8.60,1.76,101,108.29,0,3.43,0,0.00,0,0.00,0.0
2020/05/09,7.85,1.86,116,112.71,15,4.43,0,0.00,0,0.00,0.0
2020/05/10,7.44,1.92,121,118.29,5,5.57,0,0.00,0,0.00,0.0
2020/05/11,8.32,1.79,121,126.71,0,8.43,0,0.00,0,0.00,0.0
2020/05/12,10.63,1.58,129,141.29,8,14.57,0,0.00,0,0.00,0.0
2020/05/13,14.65,1.39,139,157.14,10,15.86,0,0.00,0,0.00,0.0
2020/05/14,22.04,1.25,160,172.29,21,15.14,0,0.00,0,0.00,0.0
2020/05/15,47.30,1.11,203,190.43,43,18.14,0,0.00,0,0.00,0.0
2020/05/16,1182.37,1.00,227,209.14,24,18.71,0,0.00,0,0.00,0.0
2020/05/17,NG,NG,227,227.00,0,17.86,0,0.00,0,0.00,0.0
2020/05/18,142.54,1.03,248,227.00,21,0.00,0,0.00,0,0.00,0.0
2020/05/19,34.32,1.15,260,223.00,12,-4.00,0,0.00,0,0.00,0.0
2020/05/20,17.77,1.31,264,218.86,4,-4.14,0,0.00,0,0.00,0.0
