date,npatients,ndeaths,Cases Total(Ave7),Cases Day,Cases Day(Ave7),Deaths Total(Ave7),Deaths Day,Deaths Day(Ave7),Td7,R0,K,CFR
2020-03-18,123,14.0,,,,,,,,,,
2020-03-19,127,14.0,,4.0,,,0.0,,,,,
2020-03-20,130,16.0,,3.0,,,2.0,,,,,
2020-03-21,132,16.0,,2.0,,,0.0,,,,,
2020-03-22,134,16.0,,2.0,,,0.0,,,,,
2020-03-23,136,17.0,,2.0,,,1.0,,,,,
2020-03-24,139,17.0,,3.0,,,0.0,,,,,
2020-03-25,144,18.0,131.57142857142856,5.0,,15.714285714285715,1.0,,,,,0.1194353963083605
2020-03-26,147,19.0,134.57142857142856,3.0,2.999999999999999,16.285714285714285,1.0,0.5714285714285714,,,,0.12101910828025478
2020-03-27,150,18.0,137.42857142857144,3.0,2.8571428571428568,17.0,-1.0,0.7142857142857142,,,,0.12370062370062368
2020-03-28,164,19.0,140.28571428571428,14.0,2.8571428571428568,17.285714285714285,1.0,0.2857142857142857,,,,0.12321792260692464
2020-03-29,167,19.0,144.85714285714286,3.0,4.571428571428571,17.71428571428571,0.0,0.42857142857142855,,,,0.12228796844181457
2020-03-30,170,19.0,149.57142857142858,3.0,4.714285714285714,18.142857142857142,0.0,0.42857142857142855,,,,0.1212989493791786
2020-03-31,176,19.0,154.42857142857142,6.0,4.857142857142858,18.428571428571427,0.0,0.2857142857142857,,,,0.11933395004625347
2020-04-01,181,19.0,159.7142857142857,5.0,5.285714285714285,18.71428571428571,0.0,0.2857142857142857,30.290774781002987,1.1737242128121608,0.14801110083256253,0.11717352415026834
2020-04-02,186,19.0,165.0,5.0,5.285714285714286,18.857142857142854,0.0,0.14285714285714285,28.326178984123327,1.186836518046709,0.15742397137745978,0.11428571428571427
2020-04-03,198,19.0,170.57142857142856,12.0,5.571428571428571,18.857142857142854,0.0,0.0,26.536858209478986,1.2006237006237004,0.16709956709956697,0.11055276381909547
2020-04-04,216,19.0,177.4285714285714,18.0,6.857142857142857,19.0,0.0,0.14285714285714285,24.82199905564465,1.215885947046843,0.17755443886097144,0.10708534621578102
2020-04-05,227,20.0,184.85714285714286,11.0,7.428571428571428,19.0,1.0,0.0,23.92283004511489,1.2248520710059168,0.18357487922705296,0.10278207109737249
2020-04-06,237,21.0,193.42857142857142,10.0,8.571428571428571,19.142857142857142,1.0,0.14285714285714285,22.90754506167448,1.2359121298949378,0.19088098918083463,0.09896602658788774
2020-04-07,258,21.0,203.0,21.0,9.571428571428571,19.428571428571427,0.0,0.2857142857142857,21.54766299785124,1.2525439407955596,0.2016248153618907,0.09570724841660802
2020-04-08,278,21.0,214.7142857142857,20.0,11.714285714285714,19.71428571428571,0.0,0.2857142857142857,20.23201108426187,1.2710196779964222,0.21323011963406058,0.09181636726546906
2020-04-09,299,21.0,228.57142857142858,21.0,13.857142857142858,20.0,0.0,0.2857142857142857,18.423372152898434,1.3012987012987012,0.2315369261477045,0.0875
2020-04-10,313,22.0,244.71428571428572,14.0,16.142857142857142,20.285714285714285,1.0,0.2857142857142857,16.577108109531252,1.340033500837521,0.25375000000000014,0.08289550496205486
2020-04-11,340,22.0,261.14285714285717,27.0,16.428571428571427,20.71428571428571,0.0,0.42857142857142855,15.090760863312976,1.379227053140097,0.27495621716287233,0.07932166301969364
2020-04-12,319,22.0,278.8571428571429,-21.0,17.714285714285715,21.142857142857142,0.0,0.42857142857142855,14.044142056792321,1.4126738794435858,0.29212253829321666,0.07581967213114753
2020-04-13,328,23.0,292.0,9.0,13.142857142857142,21.428571428571427,1.0,0.2857142857142857,13.264476451020947,1.4416543574593799,0.3063524590163935,0.07338551859099804
2020-04-14,338,24.0,304.99999999999994,10.0,13.0,21.71428571428571,1.0,0.2857142857142857,13.346332872681641,1.438423645320197,0.3047945205479452,0.07119437939110071
2020-04-15,350,24.0,316.4285714285714,12.0,11.428571428571429,22.14285714285714,0.0,0.42857142857142855,13.823308791872588,1.420492348636061,0.2960187353629976,0.06997742663656885
2020-04-16,364,24.0,326.7142857142857,14.0,10.285714285714285,22.571428571428566,0.0,0.42857142857142855,14.917904840956618,1.3843749999999997,0.27765237020316014,0.06908613904678616
2020-04-17,374,24.0,336.0,10.0,9.285714285714285,22.999999999999996,0.0,0.42857142857142855,16.789340206364532,1.3350846468184472,0.2509838216003498,0.06845238095238095
2020-04-18,391,24.0,344.7142857142857,17.0,8.714285714285714,23.28571428571428,0.0,0.2857142857142857,19.250760946190294,1.286652078774617,0.22278911564625847,0.06755076668048071
2020-04-19,401,25.0,351.99999999999994,10.0,7.285714285714285,23.57142857142857,1.0,0.2857142857142857,22.88517578492302,1.2361680327868851,0.19104848736013258,0.06696428571428573
2020-04-20,406,27.0,363.71428571428567,5.0,11.714285714285714,24.0,2.0,0.42857142857142855,25.96371180451254,1.2054794520547942,0.1704545454545453,0.06598586017282011
2020-04-21,422,27.0,374.85714285714283,16.0,11.142857142857142,24.571428571428573,0.0,0.5714285714285714,27.55945121539999,1.1925058548009368,0.16142969363707782,0.06554878048780488
2020-04-22,441,29.0,386.85714285714283,19.0,12.0,25.0,2.0,0.42857142857142855,28.634421824528186,1.1846501128668172,0.1558689024390244,0.06462333825701626
2020-04-23,453,29.0,399.85714285714283,12.0,12.999999999999998,25.71428571428571,0.0,0.7142857142857142,28.715430811927547,1.184083952776563,0.15546528803545046,0.06430868167202572
2020-04-24,474,30.0,412.57142857142856,21.0,12.714285714285712,26.428571428571427,1.0,0.7142857142857142,27.885843528646095,1.1900510204081631,0.15969989281886388,0.06405817174515235
2020-04-25,475,30.0,426.8571428571429,1.0,14.285714285714285,27.285714285714285,0.0,0.857142857142857,27.001711445124133,1.1968503937007873,0.16447368421052622,0.06392235609103078
2020-04-26,476,30.0,438.85714285714283,1.0,11.999999999999998,28.14285714285714,0.0,0.857142857142857,25.16375383859098,1.212662337662338,0.1753681392235611,0.06412760416666666
2020-04-27,477,30.0,449.57142857142856,1.0,10.714285714285712,28.857142857142854,0.0,0.7142857142857142,25.835425690901513,1.206598586017282,0.17122395833333337,0.06418811566571338
2020-04-28,482,31.0,459.71428571428567,5.0,10.142857142857142,29.28571428571428,1.0,0.42857142857142855,26.696214679782795,1.199314024390244,0.1661900222434064,0.0637041640770665
2020-04-29,486,31.0,468.2857142857143,4.0,8.571428571428571,29.85714285714285,0.0,0.5714285714285714,28.11961102296971,1.1883308714918759,0.15848353014294592,0.06375838926174496
2020-04-30,488,32.0,474.7142857142857,2.0,6.42857142857143,30.142857142857135,1.0,0.2857142857142857,30.714637354129298,1.1711325473383352,0.1461256863941428,0.06349684020463435
2020-05-01,491,32.0,479.71428571428567,3.0,4.999999999999999,30.57142857142857,0.0,0.42857142857142855,34.58232320672027,1.150623268698061,0.130905808004815,0.06372840976771889
2020-05-02,491,33.0,482.1428571428571,0.0,2.4285714285714284,30.857142857142854,1.0,0.2857142857142857,41.562245940276426,1.1238286479250332,0.11018463371054188,0.064
2020-05-03,492,34.0,484.42857142857144,1.0,2.285714285714285,31.285714285714285,1.0,0.42857142857142855,51.58084756716641,1.0986328125,0.08977777777777773,0.06458271896195812
2020-05-04,495,34.0,486.7142857142857,3.0,2.285714285714285,31.857142857142858,0.0,0.5714285714285714,64.97508324132139,1.0775341595170005,0.07195517546446484,0.06545347813325507
2020-05-05,498,34.0,489.2857142857142,3.0,2.571428571428571,32.42857142857143,0.0,0.5714285714285714,85.0158151678633,1.0587321317588565,0.05547402406809521,0.06627737226277373
2020-05-06,498,35.0,491.57142857142856,0.0,2.2857142857142856,32.857142857142854,1.0,0.42857142857142855,110.6052524835581,1.0448444173276388,0.04291970802919698,0.06684103458297007
2020-05-07,498,34.0,493.2857142857142,0.0,1.7142857142857142,33.42857142857143,-1.0,0.5714285714285714,139.05001296740238,1.0355100812518807,0.03429235687300203,0.06776715899218072
2020-05-08,491,34.0,494.71428571428567,-7.0,1.4285714285714286,33.714285714285715,0.0,0.2857142857142857,173.9212365021558,1.02829064919595,0.027512308137851105,0.06814900375397055
2020-05-09,491,34.0,494.71428571428555,0.0,0.0,34.0,0.0,0.2857142857142857,188.5019956286095,1.0260740740740741,0.025411492925209278,0.06872653768408896
2020-05-10,494,34.0,494.71428571428567,3.0,0.0,34.14285714285714,0.0,0.14285714285714285,230.93466750426018,1.0212326747272187,0.020791221484261824,0.06901530464914814
2020-05-11,494,34.0,494.9999999999999,0.0,0.28571428571428564,34.14285714285714,0.0,0.0,297.6134787434358,1.016436747872028,0.016170950043314924,0.06897546897546898
2020-05-12,495,34.0,494.8571428571428,1.0,-0.14285714285714285,34.142857142857146,0.0,0.0,417.8764116819448,1.0116788321167882,0.011544011544011412,0.06899538106235567
2020-05-13,496,34.0,494.4285714285714,1.0,-0.42857142857142855,34.142857142857146,0.0,0.0,728.3292405534131,1.006684103458297,0.00663972286374126,0.06905518636232304
2020-05-14,501,34.0,494.1428571428571,5.0,-0.2857142857142857,34.0,0.0,-0.14285714285714285,2096.6826421039505,1.0023168259484507,0.0023114706732159096,0.06880601329864124
2020-05-15,503,34.0,494.5714285714285,2.0,0.4285714285714285,34.0,0.0,0.0,,,,0.0687463893703062
2020-05-16,503,34.0,496.2857142857142,0.0,1.714285714285714,34.0,0.0,0.0,,,,0.06850892343120324
2020-05-17,504,34.0,497.9999999999999,1.0,1.714285714285714,34.0,0.0,0.0,1529.9320786345047,1.003176436615651,0.0031663788140471327,0.06827309236947793
2020-05-18,506,34.0,499.42857142857133,2.0,1.4285714285714284,34.0,0.0,0.0,803.0085655557943,1.006060606060606,0.0060240963855421326,0.06807780320366134
2020-05-19,506,34.0,501.14285714285705,0.0,1.714285714285714,34.0,0.0,0.0,527.6545731494532,1.0092378752886835,0.009153318077803174,0.06784492588369442
2020-05-20,506,34.0,502.71428571428567,0.0,1.5714285714285712,34.0,0.0,0.0,359.7158111204531,1.013579890205143,0.013397947548460576,0.0676328502415459
2020-05-21,506,34.0,504.1428571428571,0.0,1.4285714285714284,34.0,0.0,0.0,282.1386063847174,1.0173460537727668,0.01705029838022165,0.06744120147350524
2020-05-22,506,34.0,504.85714285714283,0.0,0.7142857142857142,34.0,0.0,0.0,253.1306345907506,1.0193529751588677,0.018985548313970035,0.06734578381437464
2020-05-23,506,34.0,505.2857142857142,0.0,0.42857142857142855,34.0,0.0,0.0,283.3516437183959,1.0172711571675304,0.01697792869269954,0.06728866270851004
2020-05-24,506,34.0,505.71428571428567,0.0,0.42857142857142855,34.0,0.0,0.0,334.0706818097045,1.0146299483648882,0.014418999151823653,0.06723163841807911
2020-05-25,507,34.0,505.99999999999994,1.0,0.2857142857142857,34.0,0.0,0.0,387.93681715912084,1.0125858123569795,0.01242937853107351,0.06719367588932806
2020-05-26,507,34.0,506.1428571428571,0.0,0.14285714285714285,34.0,0.0,0.0,503.0374729492534,1.0096921322690993,0.009599096555618414,0.06717471069714931
2020-05-27,507,34.0,506.2857142857143,0.0,0.14285714285714285,34.0,0.0,0.0,713.8522043235997,1.0068201193520887,0.006773920406435208,0.06715575620767494
2020-05-28,507,34.0,506.42857142857144,0.0,0.14285714285714285,34.0,0.0,0.0,1143.945286904929,1.0042504958911873,0.004232505643340878,0.06713681241184767
2020-05-29,507,34.0,506.5714285714286,0.0,0.14285714285714285,34.0,0.0,0.0,1561.2497542420956,1.0031126202603282,0.003102961918194702,0.06711787930062041
2020-05-30,507,34.0,506.7142857142858,0.0,0.14285714285714285,34.0,0.0,0.0,1909.2728813146687,1.0025445292620867,0.002538071065990022,0.06709895686495629
2020-05-31,507,34.0,506.85714285714295,0.0,0.14285714285714285,34.0,0.0,0.0,2456.166235569103,1.0019774011299438,0.001973498731322465,0.06708004509582863
2020-06-01,508,34.0,507.00000000000006,1.0,0.14285714285714285,34.0,0.0,0.0,2866.740529916828,1.0016939582156976,0.0016910935738446708,0.0670611439842209
2020-06-02,508,34.0,507.14285714285717,0.0,0.14285714285714285,34.0,0.0,0.0,2867.5492018204773,1.001693480101609,0.0016906170752326588,0.06704225352112676
2020-06-03,509,34.0,507.2857142857143,1.0,0.14285714285714285,34.0,0.0,0.0,2868.3578737242365,1.0016930022573365,0.0016901408450704647,0.06702337369754999
2020-06-04,509,34.0,507.57142857142856,0.0,0.2857142857142857,34.0,0.0,0.0,2869.1665456279825,1.0016925246826516,0.001689664883131492,0.06698564593301436
2020-06-05,509,34.0,507.85714285714283,0.0,0.2857142857142857,34.0,0.0,0.0,2460.3251200033187,1.0019740552735474,0.0019701660568532953,0.0669479606188467
2020-06-06,509,34.0,508.14285714285717,0.0,0.2857142857142857,34.0,0.0,0.0,2153.6940224744003,1.002255427121511,0.0022503516174400273,0.06691031768344109
2020-06-07,509,34.0,508.42857142857144,0.0,0.2857142857142857,34.0,0.0,0.0,1915.2031437080414,1.0025366403607665,0.0025302220972728273,0.06687271705535262
2020-06-08,511,34.0,508.7142857142857,2.0,0.2857142857142857,34.0,0.0,0.0,1724.4104181041666,1.0028176951253873,0.002809778027535792,0.06683515866329683
2020-06-09,511,34.0,509.14285714285717,0.0,0.42857142857142855,34.0,0.0,0.0,1568.3072584625102,1.0030985915492958,0.0030890199382195282,0.06677890011223345
2020-06-10,511,34.0,509.57142857142856,0.0,0.42857142857142855,34.0,0.0,0.0,1327.7752658302263,1.0036609405801182,0.003647586980920381,0.06672273619287918
2020-06-11,513,34.0,509.85714285714283,2.0,0.2857142857142857,34.0,0.0,0.0,1233.800391310212,1.0039403321137068,0.003924866834875251,0.06668534603530402
2020-06-12,513,34.0,510.4285714285714,0.0,0.5714285714285714,34.0,0.0,0.0,1234.4935393835842,1.0039381153305205,0.003922667413841396,0.06661069129582985
2020-06-13,513,34.0,511.0,0.0,0.5714285714285714,34.0,0.0,0.0,1081.0911784861078,1.004498172617374,0.004478029666946437,0.06653620352250489
2020-06-14,513,34.0,511.57142857142856,0.0,0.5714285714285714,34.0,0.0,0.0,961.7781813892512,1.0050576004495644,0.005032149846239786,0.0664618821558224
2020-06-15,516,34.0,512.1428571428571,3.0,0.5714285714285714,34.0,0.0,0.0,866.3277390655869,1.005616399887672,0.005585032113934574,0.06638772663877267
2020-06-16,516,34.0,512.8571428571428,0.0,0.7142857142857142,34.0,0.0,0.0,825.8824901797758,1.0058922558922558,0.0058577405857739295,0.06629526462395544
2020-06-17,518,34.0,513.5714285714286,2.0,0.7142857142857142,34.0,0.0,0.0,754.9100229301421,1.0064479955144379,0.006406685236768683,0.06620305980528512
2020-06-18,521,34.0,514.5714285714286,3.0,0.9999999999999999,34.0,0.0,0.0,668.4575422411347,1.0072849537685626,0.007232267037552198,0.06607440310938367
2020-06-19,521,34.0,515.7142857142857,0.0,1.1428571428571428,34.0,0.0,0.0,600.2263374113957,1.0081164287713407,0.00805108273181565,0.06592797783933518
2020-06-20,521,34.0,516.8571428571429,0.0,1.1428571428571428,34.0,0.0,0.0,528.3529763597058,1.0092256080514397,0.009141274238227082,0.06578220011055831
2020-06-21,521,34.0,518.0,0.0,1.1428571428571428,34.0,0.0,0.0,472.0197068269227,1.0103323094107792,0.010226644555002884,0.06563706563706563
2020-06-22,523,34.0,519.1428571428571,2.0,1.1428571428571428,34.0,0.0,0.0,426.6782097698477,1.011436541143654,0.011307225592939951,0.0654925701706109
2020-06-23,523,34.0,520.1428571428572,0.0,0.9999999999999999,34.0,0.0,0.0,398.30264978857343,1.0122562674094708,0.012107870115575237,0.0653666575116726
2020-06-24,523,34.0,521.1428571428572,0.0,0.9999999999999999,34.0,0.0,0.0,381.6175872840882,1.012795549374131,0.012633891787970475,0.06524122807017543
2020-06-25,523,34.0,521.8571428571429,0.0,0.7142857142857142,34.0,0.0,0.0,382.3559496429558,1.0127706829539147,0.012609649122807154,0.0651519299206132
2020-06-26,523,34.0,522.1428571428571,0.0,0.2857142857142857,34.0,0.0,0.0,409.76609375521844,1.0119113573407204,0.011771147002463844,0.06511627906976744
2020-06-27,523,34.0,522.4285714285714,0.0,0.2857142857142857,34.0,0.0,0.0,476.8717793800136,1.0102266445550026,0.01012311901504781,0.06508066721356302
2020-06-28,523,34.0,522.7142857142857,0.0,0.2857142857142857,34.0,0.0,0.0,569.9535967874363,1.0085493656922229,0.008476893628657445,0.06504509428805685
2020-06-29,523,34.0,523.0,0.0,0.2857142857142857,34.0,0.0,0.0,707.7143622048027,1.0068794716565768,0.006832467887400884,0.06500956022944551
2020-06-30,524,34.0,523.0,1.0,0.0,34.0,0.0,0.0,885.7359097420031,1.0054929964295523,0.005462988254575141,0.06500956022944551
2020-07-01,525,34.0,523.1428571428571,1.0,0.14285714285714285,34.0,0.0,0.0,1363.978915479055,1.003563596491228,0.0035509423654737082,0.06499180775532497
2020-07-02,525,34.0,523.4285714285713,0.0,0.2857142857142857,34.0,0.0,0.0,1971.8101928610881,1.002463728442376,0.0024576734025121283,0.06495633187772927
2020-07-03,525,34.0,523.7142857142857,0.0,0.2857142857142857,34.0,0.0,0.0,1972.888422352359,1.0024623803009576,0.00245633187772909,0.06492089470812876
2020-07-04,525,34.0,524.0,0.0,0.2857142857142857,34.0,0.0,0.0,1973.9666518431627,1.0024610336341262,0.002454991816693841,0.0648854961832061
2020-07-05,525,34.0,524.2857142857142,0.0,0.2857142857142857,34.0,0.0,0.0,1975.0448813330054,1.0024596884394645,0.002453653217012075,0.06485013623978203
2020-07-06,525,34.0,524.5714285714286,0.0,0.2857142857142857,34.0,0.0,0.0,1976.1231108227819,1.0024583447145587,0.0024523160762941476,0.06481481481481481
2020-07-07,526,34.0,524.8571428571429,1.0,0.2857142857142857,34.0,0.0,0.0,1617.2686926330437,1.0030046435400164,0.00299564270152497,0.0647795318454001
