date,npatients,ndeaths,Cases Total(Ave7),Cases Day,Cases Day(Ave7),Deaths Total(Ave7),Deaths Day,Deaths Day(Ave7),Td7,R0,K,CFR
2020-03-18,4,0.0,,,,,,,,,,
2020-03-19,5,0.0,,1.0,,,0.0,,,,,
2020-03-20,5,0.0,,0.0,,,0.0,,,,,
2020-03-21,5,0.0,,0.0,,,0.0,,,,,
2020-03-22,5,0.0,,0.0,,,0.0,,,,,
2020-03-23,6,0.0,,1.0,,,0.0,,,,,
2020-03-24,9,0.0,,3.0,,,0.0,,,,,
2020-03-25,9,0.0,5.57142857142857,0.0,,0.0,0.0,,,,,0.0
2020-03-26,11,0.0,6.285714285714286,2.0,0.7142857142857142,0.0,0.0,0.0,,,,0.0
2020-03-27,12,0.0,7.1428571428571415,1.0,0.8571428571428571,0.0,0.0,0.0,,,,0.0
2020-03-28,21,0.0,8.142857142857142,9.0,1.0,0.0,0.0,0.0,,,,0.0
2020-03-29,22,0.0,10.428571428571427,1.0,2.2857142857142856,0.0,0.0,0.0,,,,0.0
2020-03-30,23,0.0,12.857142857142858,1.0,2.4285714285714284,0.0,0.0,0.0,,,,0.0
2020-03-31,43,0.0,15.285714285714285,20.0,2.428571428571428,0.0,0.0,0.0,,,,0.0
2020-04-01,52,0.0,20.142857142857142,9.0,4.857142857142857,0.0,0.0,0.0,4.807478455667662,2.743589743589744,0.6355140186915889,0.0
2020-04-02,62,0.0,26.285714285714285,10.0,6.142857142857142,0.0,0.0,0.0,4.166369729095566,3.2045454545454546,0.6879432624113475,0.0
2020-04-03,66,0.0,33.57142857142857,4.0,7.285714285714285,0.0,0.0,0.0,3.723987086470831,3.6800000000000006,0.7282608695652175,0.0
2020-04-04,67,0.0,41.285714285714285,1.0,7.7142857142857135,0.0,0.0,0.0,3.4252827113500786,4.12280701754386,0.7574468085106383,0.0
2020-04-05,109,0.0,47.857142857142854,42.0,6.57142857142857,0.0,0.0,0.0,3.5262687208763315,3.9589041095890423,0.7474048442906575,0.0
2020-04-06,113,0.0,60.28571428571428,4.0,12.428571428571427,0.0,0.0,0.0,3.6916634332360165,3.7222222222222214,0.7313432835820894,0.0
2020-04-07,136,0.0,73.14285714285714,23.0,12.857142857142856,0.0,0.0,0.0,3.536010371949812,3.9439252336448596,0.7464454976303317,0.0
2020-04-08,161,0.0,86.42857142857143,25.0,13.285714285714285,0.0,0.0,0.0,3.7625333056225663,3.631205673758865,0.724609375,0.0
2020-04-09,187,0.0,102.0,26.0,15.571428571428571,0.0,0.0,0.0,4.076333713715956,3.288043478260869,0.6958677685950414,0.0
2020-04-10,224,0.0,119.85714285714285,37.0,17.857142857142858,0.0,0.0,0.0,4.366095028651925,3.0382978723404257,0.6708683473389356,0.0
2020-04-11,332,0.0,142.42857142857142,108.0,22.57142857142857,0.0,0.0,0.0,4.552545525508614,2.903114186851211,0.6555423122765196,0.0
2020-04-12,362,0.0,180.28571428571425,30.0,37.857142857142854,0.0,0.0,0.0,4.448872388622534,2.976119402985075,0.6639919759277834,0.0
2020-04-13,373,0.0,216.4285714285714,11.0,36.14285714285714,0.0,0.0,0.0,4.429266805875194,2.9905213270142177,0.6656101426307448,0.0
2020-04-14,403,0.0,253.57142857142856,30.0,37.14285714285714,0.0,0.0,0.0,4.472551724762633,2.9589843749999996,0.662046204620462,0.0
2020-04-15,433,6.0,291.71428571428567,30.0,38.14285714285714,0.0,6.0,0.0,4.507950803544415,2.933884297520661,0.6591549295774648,0.0
2020-04-16,459,6.0,330.5714285714285,26.0,38.857142857142854,0.8571428571428571,0.0,0.8571428571428571,4.617454188242338,2.859943977591036,0.6503428011753183,0.002592912705272256
2020-04-17,476,9.0,369.42857142857133,17.0,38.857142857142854,1.7142857142857142,3.0,0.8571428571428571,4.782576722093648,2.758045292014302,0.6374243733794296,0.0046403712296983765
2020-04-18,500,10.0,405.4285714285714,24.0,36.0,3.0,1.0,1.2857142857142856,5.090698556602846,2.593781344032096,0.61446249033256,0.007399577167019028
2020-04-19,516,10.0,429.42857142857144,16.0,23.999999999999996,4.428571428571429,0.0,1.4285714285714284,5.987190769312082,2.248811410459588,0.5553206483439042,0.010312707917498337
2020-04-20,524,13.0,451.42857142857144,8.0,21.999999999999996,5.857142857142858,3.0,1.4285714285714284,7.081241557990351,1.9841584158415846,0.49600798403193624,0.012974683544303799
2020-04-21,539,13.0,473.0,15.0,21.57142857142857,7.714285714285714,0.0,1.857142857142857,8.412394480972377,1.7802816901408451,0.43829113924050633,0.016309272123225613
2020-04-22,560,13.0,492.4285714285714,21.0,19.428571428571427,9.571428571428571,0.0,1.857142857142857,10.038949049711645,1.621449559255632,0.38326789489580193,0.019437191760951555
2020-04-23,572,13.0,510.57142857142856,12.0,18.142857142857142,10.571428571428571,0.0,1.0,12.174920189723382,1.4896283491789113,0.3286916158978823,0.020705092333519866
2020-04-24,584,15.0,526.7142857142857,12.0,16.142857142857142,11.571428571428571,2.0,1.0,14.995157874008214,1.3820572312451667,0.2764409625069951,0.021969080553295363
2020-04-25,595,15.0,542.1428571428571,11.0,15.428571428571425,12.428571428571427,0.0,0.8571428571428571,18.539469736213984,1.299154334038055,0.23026851098454026,0.02292490118577075
2020-04-26,606,15.0,555.7142857142858,11.0,13.57142857142857,13.14285714285714,0.0,0.7142857142857142,20.81754196466959,1.2624750499001995,0.20790513833992086,0.023650385604113103
2020-04-27,615,16.0,568.5714285714286,9.0,12.857142857142856,13.857142857142856,1.0,0.7142857142857142,23.345348654417226,1.2310126582278482,0.1876606683804628,0.02437185929648241
2020-04-28,619,16.0,581.5714285714286,4.0,13.0,14.285714285714285,0.0,0.42857142857142855,26.365207384213882,1.202053760193295,0.16809045226130648,0.024563989191844753
2020-04-29,639,17.0,593.0,20.0,11.428571428571429,14.714285714285712,1.0,0.42857142857142855,29.161572775049088,1.1810269799825936,0.15327929255711137,0.024813298000481807
2020-04-30,642,17.0,604.2857142857142,3.0,11.285714285714285,15.285714285714283,0.0,0.5714285714285714,32.41952006622376,1.1614437604924455,0.13900264996386413,0.025295508274231677
2020-05-01,645,17.0,614.2857142857142,3.0,9.999999999999998,15.857142857142858,0.0,0.5714285714285714,35.316034912438404,1.1472742066720911,0.12836879432624115,0.025813953488372097
2020-05-02,648,17.0,622.9999999999999,3.0,8.714285714285714,16.142857142857142,0.0,0.2857142857142857,38.83780117614874,1.1330698287220027,0.11744186046511629,0.025911488190781935
2020-05-03,648,22.0,630.5714285714286,0.0,7.571428571428571,16.428571428571427,5.0,0.2857142857142857,42.45284400952698,1.1210796915167092,0.10800275166246243,0.02605346624376982
2020-05-04,649,22.0,636.5714285714286,1.0,6.0,17.42857142857143,0.0,0.9999999999999999,46.87975112194766,1.1090452261306534,0.09832351608518353,0.02737881508078995
2020-05-05,650,22.0,641.4285714285713,1.0,4.857142857142857,18.285714285714285,0.0,0.857142857142857,53.694977207363145,1.0945713583886023,0.08640035906642729,0.02850779510022272
2020-05-06,651,22.0,645.8571428571428,1.0,4.428571428571429,19.142857142857142,0.0,0.857142857142857,61.80660001832238,1.081667068176343,0.07550111358574596,0.029639460296394606
2020-05-07,652,22.0,647.5714285714286,1.0,1.714285714285714,19.857142857142854,0.0,0.7142857142857142,72.92862824427921,1.0687943262411348,0.06436629064366284,0.03066401941319214
2020-05-08,651,24.0,649.0,-1.0,1.4285714285714284,20.57142857142857,2.0,0.7142857142857142,91.94858590204169,1.054186046511628,0.05140083829693365,0.031697116442879154
2020-05-09,653,24.0,649.8571428571428,2.0,0.857142857142857,21.57142857142857,0.0,0.9999999999999999,118.67159362219103,1.041733547351525,0.04006163328197243,0.033194108595295674
2020-05-10,654,24.0,650.5714285714284,1.0,0.7142857142857142,22.57142857142857,0.0,0.9999999999999999,161.0572533931218,1.030584503851382,0.02967685205539672,0.034694773825208615
2020-05-11,654,24.0,651.4285714285714,0.0,0.857142857142857,22.857142857142854,0.0,0.2857142857142857,223.0360645607733,1.021992818671454,0.021519543258673557,0.035087719298245605
2020-05-12,655,24.0,652.1428571428571,1.0,0.7142857142857142,23.14285714285714,0.0,0.2857142857142857,313.6428441842693,1.0155902004454345,0.01535087719298267,0.035487404162102956
2020-05-13,656,24.0,652.8571428571428,1.0,0.7142857142857142,23.428571428571423,0.0,0.2857142857142857,500.9682086394454,1.0097323600973236,0.009638554216867545,0.03588621444201313
2020-05-14,657,25.0,653.5714285714286,1.0,0.7142857142857142,23.71428571428571,1.0,0.2857142857142857,596.8620035019281,1.0081623648797704,0.008096280087527274,0.036284153005464476
2020-05-15,657,25.0,654.2857142857142,0.0,0.7142857142857142,24.14285714285714,0.0,0.42857142857142855,691.2598485865029,1.007043803653973,0.006994535519125655,0.03689956331877729
2020-05-16,657,25.0,655.1428571428571,0.0,0.857142857142857,24.285714285714285,0.0,0.14285714285714285,714.4195810128657,1.0068146845460542,0.006768558951965042,0.03706934147405146
2020-05-17,657,25.0,655.7142857142857,0.0,0.5714285714285714,24.428571428571423,0.0,0.14285714285714285,692.9277408210044,1.0070267896354854,0.0069777583951157185,0.037254901960784306
2020-05-18,658,25.0,656.1428571428571,1.0,0.42857142857142855,24.57142857142857,0.0,0.14285714285714285,739.9319638574872,1.006578947368421,0.006535947712418166,0.037448290877422165
2020-05-19,658,25.0,656.7142857142857,0.0,0.5714285714285714,24.714285714285708,0.0,0.14285714285714285,793.4777624777397,1.0061336254107338,0.006096233398650175,0.03763323906895801
2020-05-20,658,25.0,657.1428571428571,0.0,0.42857142857142855,24.857142857142854,0.0,0.14285714285714285,823.6746816818443,1.0059080962800875,0.005873395692843175,0.03782608695652174
2020-05-21,658,25.0,657.4285714285713,0.0,0.2857142857142857,24.999999999999993,0.0,0.14285714285714285,890.3453499597344,1.005464480874317,0.005434782608695676,0.03802694480660582
2020-05-22,658,25.0,657.5714285714286,0.0,0.14285714285714285,24.999999999999993,0.0,0.0,1012.5285597739229,1.0048034934497816,0.004780530204258948,0.03801868346730392
2020-05-23,658,25.0,657.7142857142857,0.0,0.14285714285714285,24.999999999999993,0.0,0.0,1311.3310361356619,1.0037069341474052,0.003693243536823876,0.03801042571676802
2020-05-24,662,25.0,657.8571428571429,4.0,0.14285714285714285,24.999999999999993,0.0,0.0,1593.1975631257733,1.003050108932462,0.003040834057341457,0.03800217155266014
2020-05-25,666,25.0,658.5714285714286,4.0,0.7142857142857142,24.999999999999993,0.0,0.0,1859.539543628124,1.0026126714565644,0.002605863192182478,0.037960954446854656
2020-05-26,672,25.0,659.7142857142857,6.0,1.1428571428571428,24.999999999999993,0.0,0.0,1718.1774212531934,1.0028279312595172,0.002819956616052055,0.03789519272412299
2020-05-27,674,25.0,661.7142857142857,2.0,2.0,24.999999999999993,0.0,0.0,1242.3877257044653,1.0039130434782608,0.0038977912516240387,0.03778065630397236
2020-05-28,682,25.0,664.0,8.0,2.2857142857142856,24.999999999999993,0.0,0.0,746.7248303463206,1.0065189048239895,0.006476683937823857,0.037650602409638544
2020-05-29,703,26.0,667.4285714285714,21.0,3.4285714285714284,24.999999999999993,1.0,0.0,498.7308660054052,1.0097762328915925,0.009681583476764177,0.03745719178082191
2020-05-30,729,26.0,673.8571428571428,26.0,6.428571428571429,25.14285714285714,0.0,0.14285714285714285,330.93107710193664,1.0147697654213728,0.014554794520548087,0.037311850752596985
2020-05-31,746,26.0,684.0,17.0,10.142857142857142,25.285714285714285,0.0,0.14285714285714285,201.91272180449033,1.0243213897937022,0.02374390502437973,0.03696741854636591
2020-06-01,758,26.0,696.0,12.0,12.0,25.42857142857143,0.0,0.14285714285714285,128.07282937864377,1.0386117136659436,0.03717627401837931,0.03653530377668309
2020-06-02,774,27.0,709.1428571428571,16.0,13.142857142857142,25.571428571428573,1.0,0.14285714285714285,90.61962577743257,1.0550021654395842,0.052134646962233244,0.036059629331184534
2020-06-03,780,27.0,723.7142857142857,6.0,14.57142857142857,25.857142857142858,0.0,0.2857142857142857,70.09261888582853,1.0716753022452505,0.06688154713940375,0.03572838531385709
2020-06-04,786,27.0,738.8571428571429,6.0,15.142857142857142,26.142857142857142,0.0,0.2857142857142857,56.34391954004279,1.0899311531841651,0.08251085669166991,0.03538283062645011
2020-06-05,792,27.0,753.7142857142858,6.0,14.857142857142858,26.428571428571427,0.0,0.2857142857142857,47.72228327679577,1.1070205479452055,0.09667440061871613,0.03506444275966641
2020-06-06,797,27.0,766.4285714285713,5.0,12.714285714285715,26.571428571428573,0.0,0.14285714285714285,43.32354368988867,1.1185075259698964,0.1059514783927219,0.03466915191053123
2020-06-07,799,27.0,776.1428571428571,2.0,9.714285714285714,26.714285714285715,0.0,0.14285714285714285,42.64261949113169,1.1205096073517125,0.10754892823858331,0.034419289526964846
2020-06-08,802,27.0,783.7142857142857,3.0,7.57142857142857,26.857142857142858,0.0,0.14285714285714285,44.51937443399131,1.1151477832512315,0.10325786858089447,0.03426904848705797
2020-06-09,805,27.0,790.0,3.0,6.285714285714286,27.0,0.0,0.14285714285714285,48.52635621815919,1.105157131345689,0.09515129420342694,0.03417721518987342
2020-06-10,808,27.0,794.4285714285713,3.0,4.428571428571428,27.0,0.0,0.0,55.36555353870799,1.0915909988156338,0.08390596745027135,0.03398669304082
2020-06-11,810,28.0,798.4285714285714,2.0,3.999999999999999,27.0,1.0,0.0,66.90749414183632,1.075212683681361,0.06995144758137006,0.033816425120772944
2020-06-12,812,28.0,801.8571428571428,2.0,3.4285714285714275,27.142857142857142,0.0,0.14285714285714285,84.1896519296341,1.0593252463987868,0.05600286276614774,0.03384999109210761
2020-06-13,821,28.0,804.7142857142857,9.0,2.8571428571428568,27.285714285714285,0.0,0.14285714285714285,107.3720279706235,1.0462255358807082,0.04418314626759312,0.033907331794780754
2020-06-14,822,28.0,808.1428571428571,1.0,3.4285714285714284,27.428571428571427,0.0,0.14285714285714285,134.21680054859374,1.0368120743603901,0.0355050594709746,0.033940251016439806
2020-06-15,825,28.0,811.4285714285714,3.0,3.285714285714285,27.57142857142857,0.0,0.14285714285714285,158.07581520040569,1.0311702515493986,0.030228036061516694,0.033978873239436616
2020-06-16,826,28.0,814.7142857142857,1.0,3.285714285714285,27.714285714285715,0.0,0.14285714285714285,181.29337624846264,1.027124773960217,0.026408450704225372,0.0340171839382781
2020-06-17,827,28.0,817.7142857142857,1.0,2.9999999999999996,27.857142857142858,0.0,0.14285714285714285,192.43089267110122,1.0255349757237908,0.024899175872347912,0.03406708595387841
2020-06-18,830,28.0,820.4285714285714,3.0,2.714285714285714,28.0,0.0,0.14285714285714285,203.29041767134694,1.0241545893719806,0.023584905660377298,0.03412850426606303
2020-06-19,833,28.0,823.2857142857141,3.0,2.8571428571428563,28.0,0.0,0.0,211.91249485522243,1.0231605202209157,0.022636252829531744,0.034010064202672226
2020-06-20,838,28.0,826.2857142857142,5.0,2.9999999999999996,28.0,0.0,0.0,212.6589935466635,1.0230782886561334,0.022557695644629394,0.033886583679114804
2020-06-21,838,28.0,828.7142857142857,0.0,2.4285714285714284,28.0,0.0,0.0,218.5425122739705,1.0224500618702492,0.02195712309820186,0.03378727805550767
2020-06-22,838,28.0,830.9999999999999,0.0,2.2857142857142856,28.0,0.0,0.0,230.18221860425894,1.0213028169014085,0.020858472677124595,0.03369434416365825
2020-06-23,838,33.0,832.8571428571428,0.0,1.857142857142857,28.0,5.0,0.0,245.1472106454291,1.0199894792214623,0.01959773078906646,0.03361921097770155
2020-06-24,841,33.0,834.5714285714284,3.0,1.7142857142857142,28.714285714285715,0.0,0.7142857142857142,264.42823021057586,1.0185185185185184,0.018181818181818188,0.0344060253337898
2020-06-25,842,33.0,836.5714285714284,1.0,1.9999999999999998,29.42857142857143,0.0,0.7142857142857142,283.8858701806241,1.017238377154797,0.01694625128380678,0.03517759562841531
2020-06-26,844,33.0,838.2857142857142,2.0,1.7142857142857142,30.142857142857146,0.0,0.7142857142857142,303.088901564662,1.0161374284226965,0.015881147540983687,0.03595773687798228
2020-06-27,844,33.0,839.8571428571428,0.0,1.5714285714285712,30.85714285714286,0.0,0.7142857142857142,336.51712631589436,1.0145228215767634,0.014314928425357865,0.036740942337132175
2020-06-28,845,33.0,840.7142857142856,1.0,0.8571428571428571,31.571428571428577,0.0,0.7142857142857142,363.2748141915537,1.0134459575935184,0.013267562510630992,0.03755310110450299
2020-06-29,845,33.0,841.7142857142857,0.0,1.0,32.28571428571429,0.0,0.7142857142857142,417.4839636444157,1.011689874505759,0.011554800339847016,0.03835709436524101
2020-06-30,846,33.0,842.7142857142856,1.0,1.0,33.0,0.0,0.7142857142857142,458.6690997875307,1.0106346483704975,0.010522742701968846,0.03915917952195288
