date,npatients,ndeaths,Cases Total(Ave7),Cases Day,Cases Day(Ave7),Deaths Total(Ave7),Deaths Day,Deaths Day(Ave7),Td7,R0,K,CFR
2020-03-18,1,0.0,,,,,,,,,,
2020-03-19,1,0.0,,0.0,,,0.0,,,,,
2020-03-20,2,0.0,,1.0,,,0.0,,,,,
2020-03-21,2,0.0,,0.0,,,0.0,,,,,
2020-03-22,3,0.0,,1.0,,,0.0,,,,,
2020-03-23,3,0.0,,0.0,,,0.0,,,,,
2020-03-24,3,0.0,,0.0,,,0.0,,,,,
2020-03-25,3,0.0,2.142857142857143,0.0,,0.0,0.0,,,,,0.0
2020-03-26,4,0.0,2.4285714285714284,1.0,0.2857142857142857,0.0,0.0,0.0,,,,0.0
2020-03-27,4,0.0,2.8571428571428568,0.0,0.42857142857142855,0.0,0.0,0.0,,,,0.0
2020-03-28,4,0.0,3.1428571428571423,0.0,0.2857142857142857,0.0,0.0,0.0,,,,0.0
2020-03-29,6,0.0,3.428571428571428,2.0,0.2857142857142857,0.0,0.0,0.0,,,,0.0
2020-03-30,6,0.0,3.857142857142857,0.0,0.42857142857142855,0.0,0.0,0.0,,,,0.0
2020-03-31,6,0.0,4.285714285714286,0.0,0.42857142857142855,0.0,0.0,0.0,,,,0.0
2020-04-01,6,0.0,4.714285714285714,0.0,0.42857142857142855,0.0,0.0,0.0,7.0,2.0,0.5,0.0
2020-04-02,6,0.0,5.142857142857142,0.0,0.42857142857142855,0.0,0.0,0.0,7.315049847507585,1.9411764705882357,0.48484848484848486,0.0
2020-04-03,8,0.0,5.428571428571428,2.0,0.2857142857142857,0.0,0.0,0.0,8.25474709387563,1.8000000000000003,0.4444444444444444,0.0
2020-04-04,13,0.0,6.0,5.0,0.5714285714285714,0.0,0.0,0.0,8.877661946128086,1.7272727272727275,0.42105263157894735,0.0
2020-04-05,16,0.0,7.285714285714286,3.0,1.2857142857142856,0.0,0.0,0.0,8.670288380926666,1.7500000000000002,0.4285714285714287,0.0
2020-04-06,16,0.0,8.714285714285714,0.0,1.4285714285714284,0.0,0.0,0.0,7.629113150760717,1.888888888888889,0.47058823529411764,0.0
2020-04-07,19,0.0,10.142857142857142,3.0,1.4285714285714284,0.0,0.0,0.0,6.836960760980754,2.033333333333333,0.5081967213114753,0.0
2020-04-08,23,0.0,11.999999999999998,4.0,1.857142857142857,0.0,0.0,0.0,6.332818564815006,2.1515151515151514,0.5352112676056338,0.0
2020-04-09,25,0.0,14.428571428571427,2.0,2.4285714285714284,0.0,0.0,0.0,5.726475293708763,2.333333333333333,0.5714285714285714,0.0
2020-04-10,25,0.0,17.14285714285714,0.0,2.714285714285714,0.0,0.0,0.0,4.963539366779962,2.657894736842105,0.6237623762376238,0.0
2020-04-11,31,0.0,19.57142857142857,6.0,2.4285714285714284,0.0,0.0,0.0,4.621764154795853,2.8571428571428563,0.6499999999999999,0.0
2020-04-12,56,0.0,22.14285714285714,25.0,2.571428571428571,0.0,0.0,0.0,4.910190025577228,2.6862745098039214,0.6277372262773722,0.0
2020-04-13,57,0.0,27.857142857142854,1.0,5.7142857142857135,0.0,0.0,0.0,5.202963643695309,2.540983606557377,0.6064516129032258,0.0
2020-04-14,66,0.0,33.71428571428571,9.0,5.857142857142857,0.0,0.0,0.0,4.802470299903676,2.7464788732394365,0.6358974358974359,0.0
2020-04-15,67,0.0,40.42857142857142,1.0,6.714285714285714,0.0,0.0,0.0,4.69696009727024,2.80952380952381,0.6440677966101696,0.0
2020-04-16,118,0.0,46.71428571428571,51.0,6.285714285714286,0.0,0.0,0.0,4.709216763083295,2.8019801980198014,0.6431095406360424,0.0
2020-04-17,124,0.0,60.0,6.0,13.285714285714285,0.0,0.0,0.0,4.840082867290064,2.725,0.6330275229357798,0.0
2020-04-18,129,0.0,74.14285714285714,5.0,14.142857142857142,0.0,0.0,0.0,4.331111132778757,3.065693430656935,0.6738095238095239,0.0
2020-04-19,132,0.0,88.14285714285714,3.0,14.0,0.0,0.0,0.0,4.014990084591483,3.3483870967741938,0.7013487475915222,0.0
2020-04-20,137,0.0,99.0,5.0,10.857142857142858,0.0,0.0,0.0,4.212309128691522,3.164102564102564,0.6839546191247974,0.0
2020-04-21,138,0.0,110.42857142857143,1.0,11.428571428571427,0.0,0.0,0.0,4.504305976565339,2.9364406779661025,0.6594516594516595,0.0
2020-04-22,139,0.0,120.71428571428571,1.0,10.285714285714285,0.0,0.0,0.0,4.8286972698479405,2.7314487632508837,0.6338939197930142,0.0
2020-04-23,142,1.0,131.0,3.0,10.285714285714283,0.0,1.0,0.0,5.110754781103478,2.5840978593272173,0.61301775147929,0.0
2020-04-24,142,1.0,134.42857142857142,0.0,3.428571428571428,0.14285714285714285,0.0,0.14285714285714285,6.213758222274878,2.1833333333333336,0.5419847328244275,0.0010626992561105207
2020-04-25,143,1.0,137.0,1.0,2.571428571428571,0.2857142857142857,0.0,0.14285714285714285,8.154134725691158,1.813102119460501,0.4484590860786397,0.0020855057351407717
2020-04-26,145,1.0,138.99999999999997,2.0,1.9999999999999998,0.42857142857142855,0.0,0.14285714285714285,11.001786085660152,1.5542949756888167,0.35662148070907196,0.0030832476875642346
2020-04-27,145,1.0,140.85714285714283,0.0,1.8571428571428568,0.5714285714285714,0.0,0.14285714285714285,14.297839651970108,1.4040404040404038,0.28776978417266175,0.004056795131845843
2020-04-28,149,1.0,142.0,4.0,1.1428571428571428,0.7142857142857142,0.0,0.14285714285714285,19.936247727289423,1.2755498059508406,0.2160243407707909,0.005030181086519114
2020-04-29,153,1.0,143.57142857142856,4.0,1.5714285714285712,0.857142857142857,0.0,0.14285714285714285,29.876927070404456,1.1763313609467456,0.14989939637826966,0.0059701492537313425
2020-04-30,155,2.0,145.57142857142856,2.0,1.9999999999999998,0.9999999999999998,1.0,0.14285714285714285,52.949329677734404,1.0959651035986913,0.08756218905472624,0.006869479882237487
2020-05-01,156,2.0,147.42857142857142,1.0,1.8571428571428572,1.1428571428571428,0.0,0.14285714285714285,60.929210444184605,1.0828905419766206,0.07654563297350336,0.007751937984496124
2020-05-02,161,2.0,149.42857142857142,5.0,2.0,1.2857142857142856,0.0,0.14285714285714285,66.13740966415132,1.0761209593326382,0.07073643410852704,0.008604206500956023
2020-05-03,162,2.0,152.0,1.0,2.571428571428571,1.4285714285714284,0.0,0.14285714285714285,67.06834764561543,1.0750256937307299,0.06978967495219901,0.009398496240601503
2020-05-04,162,2.0,154.42857142857142,0.0,2.4285714285714284,1.5714285714285712,0.0,0.14285714285714285,63.72987324923437,1.0791075050709942,0.07330827067669188,0.010175763182238668
2020-05-05,162,2.0,156.85714285714283,0.0,2.4285714285714284,1.714285714285714,0.0,0.14285714285714285,57.82793349609655,1.0875251509054324,0.08048103607770574,0.01092896174863388
2020-05-06,162,2.0,158.7142857142857,0.0,1.857142857142857,1.8571428571428568,0.0,0.14285714285714285,54.82346521806543,1.0925373134328358,0.08469945355191255,0.011701170117011701
2020-05-07,162,2.0,160.0,0.0,1.2857142857142856,1.9999999999999996,0.0,0.14285714285714285,56.13257831380244,1.0902845927379783,0.08280828082808278,0.012499999999999997
2020-05-08,165,2.0,161.0,3.0,0.9999999999999998,1.9999999999999996,0.0,0.0,59.29401419948976,1.0852713178294575,0.07857142857142863,0.012422360248447202
2020-05-09,165,2.0,162.28571428571428,0.0,1.2857142857142856,1.9999999999999996,0.0,0.0,65.05294236001495,1.0774378585086042,0.07187222715173036,0.012323943661971828
2020-05-10,165,2.0,162.85714285714283,0.0,0.5714285714285714,1.9999999999999996,0.0,0.0,74.10176696024513,1.0676691729323309,0.06338028169014076,0.012280701754385963
2020-05-11,165,2.0,163.28571428571428,0.0,0.42857142857142855,1.9999999999999996,0.0,0.0,91.3035920100452,1.0545790934320074,0.05175438596491222,0.012248468941382325
2020-05-12,165,2.0,163.71428571428572,0.0,0.42857142857142855,1.9999999999999996,0.0,0.0,120.79931343742996,1.0409836065573772,0.03937007874015763,0.01221640488656195
2020-05-13,165,2.0,164.1428571428571,0.0,0.42857142857142855,1.9999999999999996,0.0,0.0,156.43077752472126,1.0315031503150316,0.03054101221640504,0.012184508268059181
2020-05-14,165,2.0,164.57142857142856,0.0,0.42857142857142855,1.9999999999999996,0.0,0.0,189.80443410062537,1.025892857142857,0.025239338555265278,0.012152777777777776
2020-05-15,165,2.0,165.0,0.0,0.42857142857142855,1.9999999999999996,0.0,0.0,221.1466682396591,1.0221827861579413,0.02170138888888884,0.012121212121212118
2020-05-16,165,2.0,165.0,0.0,0.0,1.9999999999999996,0.0,0.0,292.5196442139242,1.016725352112676,0.016450216450216493,0.012121212121212118
2020-05-17,165,2.0,165.0,0.0,0.0,1.9999999999999996,0.0,0.0,371.175029693618,1.0131578947368423,0.012987012987013102,0.012121212121212118
2020-05-18,166,2.0,165.0,1.0,0.0,1.9999999999999996,0.0,0.0,464.5776749108174,1.010498687664042,0.010389610389610393,0.012121212121212118
2020-05-19,166,2.0,165.14285714285714,0.0,0.14285714285714285,1.9999999999999996,0.0,0.0,620.2480390658015,1.0078534031413613,0.007792207792207795,0.012110726643598614
2020-05-20,166,2.0,165.28571428571428,0.0,0.14285714285714285,1.9999999999999996,0.0,0.0,798.8496697532713,1.0060922541340298,0.006055363321799456,0.012100259291270525
2020-05-21,166,2.0,165.42857142857142,0.0,0.14285714285714285,1.9999999999999996,0.0,0.0,1120.3320368070852,1.004340277777778,0.004321521175453813,0.012089810017271156
2020-05-22,167,2.0,165.57142857142856,1.0,0.14285714285714285,1.9999999999999996,0.0,0.0,1870.456617879777,1.0025974025974025,0.002590673575129432,0.012079378774805865
2020-05-23,167,2.0,165.85714285714283,0.0,0.2857142857142857,1.9999999999999996,0.0,0.0,1403.4483559608962,1.0034632034632034,0.003451251078515849,0.01205857019810508
2020-05-24,167,2.0,166.1428571428571,0.0,0.2857142857142857,1.9999999999999996,0.0,0.0,936.4397459283443,1.005194805194805,0.0051679586563305735,0.012037833190025795
2020-05-25,167,3.0,166.42857142857142,0.0,0.2857142857142857,1.9999999999999996,1.0,0.0,702.9350935473908,1.0069264069264068,0.006878761822871726,0.012017167381974248
2020-05-26,167,3.0,166.57142857142858,0.0,0.14285714285714285,2.1428571428571423,0.0,0.14285714285714285,625.6392110592636,1.0077854671280275,0.007725321888412018,0.012864493996569464
2020-05-27,167,3.0,166.71428571428572,0.0,0.14285714285714285,2.2857142857142856,0.0,0.14285714285714285,626.1783282327661,1.007778738115817,0.00771869639794176,0.013710368466152527
2020-05-28,167,3.0,166.85714285714286,0.0,0.14285714285714285,2.4285714285714284,0.0,0.14285714285714285,626.7174454016674,1.0077720207253886,0.007712082262210873,0.014554794520547944
2020-05-29,167,3.0,167.0,0.0,0.14285714285714285,2.571428571428571,0.0,0.14285714285714285,627.2565625659174,1.007765314926661,0.007705479452054909,0.015397775876817791
2020-05-30,167,3.0,167.0,0.0,0.0,2.714285714285714,0.0,0.14285714285714285,706.5741306193296,1.0068906115417744,0.006843455945252486,0.016253207869974334
2020-05-31,167,3.0,167.0,0.0,0.0,2.8571428571428568,0.0,0.14285714285714285,942.9091339875317,1.005159071367154,0.0051325919589394475,0.017108639863130878
2020-06-01,168,3.0,167.0,1.0,0.0,2.9999999999999996,0.0,0.14285714285714285,1415.5784435990622,1.0034334763948498,0.0034217279726262984,0.01796407185628742
2020-06-02,167,3.0,167.14285714285714,-1.0,0.14285714285714285,2.9999999999999996,0.0,0.0,1888.2474053962912,1.0025728987993139,0.0025662959794695572,0.017948717948717947
2020-06-03,167,3.0,167.14285714285714,0.0,0.0,2.9999999999999996,0.0,0.0,1889.86474970681,1.0025706940874035,0.002564102564102444,0.017948717948717947
2020-06-04,167,3.0,167.14285714285714,0.0,0.0,2.9999999999999996,0.0,0.0,2836.0109974973084,1.0017123287671232,0.0017094017094017033,0.017948717948717947
2020-06-05,168,3.0,167.14285714285714,1.0,0.0,2.9999999999999996,0.0,0.0,5674.449047919454,1.0008554319931566,0.0008547008547008517,0.017948717948717947
2020-06-06,168,3.0,167.28571428571428,0.0,0.14285714285714285,2.9999999999999996,0.0,0.0,5674.449047919454,1.0008554319931566,0.0008547008547008517,0.017933390264730998
2020-06-07,168,3.0,167.42857142857142,0.0,0.14285714285714285,2.9999999999999996,0.0,0.0,2838.4370132205217,1.001710863986313,0.0017079419299743659,0.017918088737201365
2020-06-08,168,3.0,167.57142857142856,0.0,0.14285714285714285,2.9999999999999996,0.0,0.0,1893.0994383230902,1.0025662959794697,0.0025597269624573205,0.017902813299232736
2020-06-09,168,3.0,167.57142857142856,0.0,0.0,2.9999999999999996,0.0,0.0,1894.7167826290367,1.0025641025641026,0.002557544757033181,0.017902813299232736
2020-06-10,168,3.0,167.71428571428572,0.0,0.14285714285714285,2.9999999999999996,0.0,0.0,1894.7167826290367,1.0025641025641026,0.002557544757033181,0.017887563884156726
2020-06-11,168,3.0,167.85714285714286,0.0,0.14285714285714285,2.9999999999999996,0.0,0.0,1421.643487341527,1.0034188034188034,0.0034071550255537764,0.017872340425531912
2020-06-12,168,3.0,168.0,0.0,0.14285714285714285,2.9999999999999996,0.0,0.0,1137.799372640346,1.0042735042735043,0.004255319148936176,0.017857142857142856
2020-06-13,168,3.0,168.0,0.0,0.0,2.9999999999999996,0.0,0.0,1138.7697801624313,1.004269854824936,0.004251700680272141,0.017857142857142856
2020-06-14,168,3.0,168.0,0.0,0.0,2.9999999999999996,0.0,0.0,1424.0695048243788,1.0034129692832765,0.003401360544217802,0.017857142857142856
2020-06-15,168,3.0,168.0,0.0,0.0,2.9999999999999996,0.0,0.0,1899.5688155376176,1.0025575447570334,0.0025510204081633514,0.017857142857142856
2020-06-16,168,3.0,168.0,0.0,0.0,2.9999999999999996,0.0,0.0,1899.5688155376176,1.0025575447570334,0.0025510204081633514,0.017857142857142856
2020-06-17,168,3.0,168.0,0.0,0.0,2.9999999999999996,0.0,0.0,2850.5670918215824,1.0017035775127767,0.00170068027210879,0.017857142857142856
2020-06-18,168,3.0,168.0,0.0,0.0,2.9999999999999996,0.0,0.0,5703.561231268679,1.0008510638297872,0.0008503401360544505,0.017857142857142856
2020-06-19,168,3.0,168.0,0.0,0.0,2.9999999999999996,0.0,0.0,,,,0.017857142857142856
2020-06-20,168,3.0,168.0,0.0,0.0,2.9999999999999996,0.0,0.0,,,,0.017857142857142856
2020-06-21,168,3.0,168.0,0.0,0.0,2.9999999999999996,0.0,0.0,,,,0.017857142857142856
2020-06-22,168,3.0,168.0,0.0,0.0,2.9999999999999996,0.0,0.0,,,,0.017857142857142856
2020-06-23,168,3.0,168.0,0.0,0.0,2.9999999999999996,0.0,0.0,,,,0.017857142857142856
2020-06-24,168,3.0,168.0,0.0,0.0,2.9999999999999996,0.0,0.0,,,,0.017857142857142856
2020-06-25,168,3.0,168.0,0.0,0.0,2.9999999999999996,0.0,0.0,,,,0.017857142857142856
2020-06-26,168,3.0,168.0,0.0,0.0,2.9999999999999996,0.0,0.0,,,,0.017857142857142856
2020-06-27,168,3.0,168.0,0.0,0.0,2.9999999999999996,0.0,0.0,,,,0.017857142857142856
2020-06-28,168,3.0,168.0,0.0,0.0,2.9999999999999996,0.0,0.0,,,,0.017857142857142856
2020-06-29,168,3.0,168.0,0.0,0.0,2.9999999999999996,0.0,0.0,,,,0.017857142857142856
2020-06-30,168,3.0,168.0,0.0,0.0,2.9999999999999996,0.0,0.0,,,,0.017857142857142856
2020-07-01,169,3.0,168.0,1.0,0.0,2.9999999999999996,0.0,0.0,,,,0.017857142857142856
2020-07-02,169,3.0,168.14285714285714,0.0,0.14285714285714285,2.9999999999999996,0.0,0.0,,,,0.01784197111299915
2020-07-03,169,3.0,168.28571428571428,0.0,0.14285714285714285,2.9999999999999996,0.0,0.0,5708.413261824335,1.0008503401360545,0.000849617672047609,0.017826825127334463
2020-07-04,169,3.0,168.42857142857142,0.0,0.14285714285714285,2.9999999999999996,0.0,0.0,2855.4191232546896,1.001700680272109,0.001697792869269854,0.017811704834605598
2020-07-05,169,3.0,168.57142857142856,0.0,0.14285714285714285,2.9999999999999996,0.0,0.0,1904.4208484330597,1.0025510204081631,0.0025445292620864812,0.017796610169491526
2020-07-06,169,3.0,168.7142857142857,0.0,0.14285714285714285,2.9999999999999996,0.0,0.0,1428.9215397662529,1.0034013605442176,0.003389830508474523,0.017781541066892465
2020-07-07,171,3.0,168.85714285714283,2.0,0.14285714285714285,2.9999999999999996,0.0,0.0,1143.6218177356136,1.004251700680272,0.0042337002540219215,0.017766497461928935
2020-07-08,171,3.0,169.28571428571428,0.0,0.42857142857142855,2.9999999999999996,0.0,0.0,953.42188916783,1.0051020408163265,0.0050761421319796,0.01772151898734177
2020-07-09,171,3.0,169.57142857142856,0.0,0.2857142857142857,2.9999999999999996,0.0,0.0,716.2782287638512,1.0067969413763806,0.006751054852320637,0.017691659646166806
2020-07-10,173,3.0,169.85714285714283,2.0,0.2857142857142857,2.9999999999999996,0.0,0.0,637.4997878221445,1.0076400679117148,0.0075821398483572056,0.017661900756938603
2020-07-11,176,3.0,170.42857142857144,3.0,0.5714285714285714,2.9999999999999996,0.0,0.0,574.4769682330664,1.008481764206955,0.008410428931875491,0.017602682313495384
2020-07-12,178,3.0,171.42857142857142,2.0,1.0,2.9999999999999996,0.0,0.0,442.83663967728955,1.0110169491525425,0.010896898575021186,0.017499999999999998
2020-07-13,179,3.0,172.7142857142857,1.0,1.2857142857142856,2.9999999999999996,0.0,0.0,304.0115483558734,1.0160880609652838,0.015833333333333366,0.017369727047146403
2020-07-14,182,3.0,174.1428571428571,3.0,1.4285714285714284,2.9999999999999996,0.0,0.0,214.82798568534193,1.0228426395939088,0.022332506203473934,0.017227235438884332
2020-07-15,184,3.0,175.71428571428572,2.0,1.5714285714285714,2.9999999999999996,0.0,0.0,171.52210277598036,1.0286919831223627,0.02789171452009831,0.017073170731707315
2020-07-16,192,3.0,177.57142857142856,8.0,1.8571428571428572,2.9999999999999996,0.0,0.0,136.3502299892713,1.0362257792754845,0.034959349593496114,0.016894609814963796
2020-07-17,198,3.0,180.57142857142856,6.0,3.0,2.9999999999999996,0.0,0.0,109.24257528512473,1.045416316232128,0.043443282381335546,0.01661392405063291
