date,npatients,ndeaths,Cases Total(Ave7),Cases Day,Cases Day(Ave7),Deaths Total(Ave7),Deaths Day,Deaths Day(Ave7),Td7,R0,K,CFR
2020-03-18,69,3.0,,,,,,,,,,
2020-03-19,69,4.0,,0.0,,,1.0,,,,,
2020-03-20,76,4.0,,7.0,,,0.0,,,,,
2020-03-21,81,4.0,,5.0,,,0.0,,,,,
2020-03-22,83,6.0,,2.0,,,2.0,,,,,
2020-03-23,85,6.0,,2.0,,,0.0,,,,,
2020-03-24,87,6.0,,2.0,,,0.0,,,,,
2020-03-25,87,6.0,78.57142857142857,0.0,,4.714285714285714,0.0,,,,,0.060000000000000005
2020-03-26,87,6.0,81.14285714285714,0.0,2.571428571428571,5.142857142857142,0.0,0.42857142857142855,,,,0.06338028169014084
2020-03-27,90,5.0,83.71428571428572,3.0,2.571428571428571,5.428571428571428,-1.0,0.2857142857142857,,,,0.06484641638225254
2020-03-28,125,8.0,85.71428571428572,35.0,1.9999999999999998,5.571428571428571,3.0,0.14285714285714285,,,,0.06499999999999999
2020-03-29,132,10.0,92.00000000000001,7.0,6.285714285714286,6.142857142857142,2.0,0.5714285714285714,,,,0.06677018633540371
2020-03-30,136,10.0,99.0,4.0,7.0,6.7142857142857135,0.0,0.5714285714285714,,,,0.06782106782106781
2020-03-31,147,11.0,106.28571428571428,11.0,7.285714285714286,7.2857142857142865,1.0,0.5714285714285714,,,,0.0685483870967742
2020-04-01,161,11.0,114.85714285714286,14.0,8.571428571428571,8.0,0.0,0.7142857142857142,16.059797409560712,1.3527272727272726,0.260752688172043,0.06965174129353234
2020-04-02,167,11.0,125.42857142857143,6.0,10.571428571428571,8.714285714285714,0.0,0.7142857142857142,13.96356705190528,1.415492957746479,0.2935323383084578,0.0694760820045558
2020-04-03,172,11.0,136.85714285714286,5.0,11.428571428571429,9.428571428571427,0.0,0.7142857142857142,12.000268632258063,1.4982935153583616,0.3325740318906606,0.06889352818371607
2020-04-04,182,11.0,148.57142857142856,10.0,11.714285714285714,10.285714285714285,0.0,0.857142857142857,10.369400174874366,1.5966666666666665,0.3736951983298539,0.06923076923076923
2020-04-05,195,11.0,156.71428571428572,13.0,8.142857142857142,10.714285714285714,0.0,0.42857142857142855,10.12363950433053,1.6149068322981364,0.38076923076923064,0.06836827711941658
2020-04-06,201,12.0,165.7142857142857,6.0,9.0,10.857142857142856,1.0,0.14285714285714285,10.563864876152884,1.5829725829725831,0.3682771194165907,0.06551724137931035
2020-04-07,216,12.0,175.0,15.0,9.285714285714286,11.142857142857142,0.0,0.2857142857142857,10.924692864655086,1.5591397849462365,0.35862068965517235,0.0636734693877551
2020-04-08,216,12.0,184.85714285714286,0.0,9.857142857142856,11.285714285714285,0.0,0.14285714285714285,11.522361708799876,1.5236318407960197,0.3436734693877551,0.06105100463678516
2020-04-09,273,12.0,192.71428571428572,57.0,7.857142857142856,11.428571428571427,0.0,0.14285714285714285,12.510169596010423,1.4738041002277904,0.32148377125193195,0.059303187546330606
2020-04-10,316,12.0,207.85714285714283,43.0,15.14285714285714,11.57142857142857,0.0,0.14285714285714285,14.17598673225142,1.408141962421712,0.28984432913269087,0.0556701030927835
2020-04-11,358,13.0,228.42857142857142,42.0,20.57142857142857,11.714285714285712,1.0,0.14285714285714285,14.449804354013054,1.3990384615384615,0.2852233676975945,0.05128205128205127
2020-04-12,375,13.0,253.57142857142856,17.0,25.142857142857142,12.0,0.0,0.2857142857142857,12.876963611182935,1.4576116681859617,0.3139462163852407,0.04732394366197183
2020-04-13,384,14.0,279.2857142857143,9.0,25.71428571428571,12.285714285714286,1.0,0.2857142857142857,11.406331981405447,1.5301724137931036,0.3464788732394367,0.04398976982097187
2020-04-14,403,15.0,305.4285714285714,19.0,26.14285714285714,12.571428571428571,1.0,0.2857142857142857,10.379798944475318,1.5959183673469388,0.3734015345268542,0.0411599625818522
2020-04-15,423,15.0,332.1428571428571,20.0,26.71428571428571,12.999999999999998,0.0,0.42857142857142855,9.662846236729798,1.6522411128284387,0.3947614593077642,0.03913978494623656
2020-04-16,453,17.0,361.7142857142857,30.0,29.57142857142857,13.428571428571427,2.0,0.42857142857142855,8.913332722741087,1.7234988880652333,0.41978494623655904,0.03712480252764613
2020-04-17,480,17.0,387.42857142857144,27.0,25.714285714285715,14.142857142857142,0.0,0.7142857142857142,8.758120401885945,1.7402061855670106,0.42535545023696686,0.036504424778761056
2020-04-18,502,17.0,410.85714285714283,22.0,23.428571428571427,14.857142857142856,0.0,0.7142857142857142,9.184094977973153,1.6960600375234522,0.41039823008849563,0.036161335187760775
2020-04-19,513,17.0,431.4285714285714,11.0,20.57142857142857,15.428571428571429,0.0,0.5714285714285714,10.053937202014449,1.620281690140845,0.38282336578581366,0.03576158940397351
2020-04-20,524,17.0,451.1428571428571,11.0,19.714285714285715,16.0,0.0,0.5714285714285714,11.157513224740958,1.5447570332480818,0.3526490066225165,0.03546548448385054
2020-04-21,546,17.0,471.1428571428571,22.0,20.000000000000004,16.428571428571427,0.0,0.42857142857142855,12.438931109040817,1.4770813844714688,0.32298923369221033,0.034869617950272894
2020-04-22,563,17.0,491.57142857142856,17.0,20.428571428571427,16.714285714285715,0.0,0.2857142857142857,13.878956552567256,1.418494623655914,0.295027289266222,0.03400174367916304
2020-04-23,581,17.0,511.57142857142856,18.0,19.999999999999996,17.0,0.0,0.2857142857142857,15.817404343107455,1.3590047393364928,0.2641673931996512,0.0332309410779112
2020-04-24,605,17.0,529.8571428571429,24.0,18.285714285714285,17.0,0.0,0.0,17.456126636081507,1.3204277286135693,0.24266964535046076,0.03208411970881639
2020-04-25,619,17.0,547.7142857142857,14.0,17.857142857142858,17.0,0.0,0.0,19.07530590355395,1.2896383866481225,0.2245888379617148,0.031038080333854984
2020-04-26,627,17.0,564.4285714285714,8.0,16.714285714285715,17.0,0.0,0.0,20.331001043381086,1.2695364238410596,0.21231090245174755,0.03011895722601873
2020-04-27,629,17.0,580.7142857142858,2.0,16.285714285714285,17.0,0.0,0.0,21.657968535014383,1.2511082963901206,0.20070868134649467,0.029274292742927425
2020-04-28,636,17.0,595.7142857142858,7.0,15.0,17.0,0.0,0.0,23.204628588220313,1.2325651910248638,0.1886838868388685,0.028537170263788967
2020-04-29,642,17.0,608.5714285714287,6.0,12.857142857142858,17.0,0.0,0.0,25.250749720821993,1.2118570183086315,0.1748201438848922,0.02793427230046948
2020-04-30,645,17.0,619.8571428571428,3.0,11.285714285714286,17.0,0.0,0.0,27.94512563311552,1.1896118402680818,0.1593896713615025,0.027425674118460478
2020-05-01,650,18.0,628.9999999999999,5.0,9.142857142857142,17.0,1.0,0.0,30.92797375183907,1.1698571043407924,0.1451947453330259,0.027027027027027032
2020-05-02,654,18.0,635.4285714285714,4.0,6.428571428571429,17.142857142857142,0.0,0.14285714285714285,35.063727049566545,1.1484089723526343,0.1292300704065409,0.02697841726618705
2020-05-03,667,18.0,640.4285714285714,13.0,4.999999999999999,17.285714285714285,0.0,0.14285714285714285,40.95029446483913,1.125790939002784,0.11173561151079137,0.026990854338612535
2020-05-04,667,18.0,646.1428571428571,0.0,5.7142857142857135,17.428571428571427,0.0,0.14285714285714285,49.57185950300299,1.1028290282902828,0.09324113316975235,0.026973247844351095
2020-05-05,673,18.0,651.5714285714284,6.0,5.428571428571428,17.57142857142857,0.0,0.14285714285714285,59.71034734024023,1.084652278177458,0.07804554499226157,0.02696777022582767
2020-05-06,676,19.0,656.8571428571428,3.0,5.285714285714285,17.714285714285715,1.0,0.14285714285714285,71.0683421416196,1.0706572769953049,0.06599429949572433,0.02696824706394085
2020-05-07,679,19.0,661.7142857142857,3.0,4.857142857142857,18.0,0.0,0.2857142857142857,83.6881312565665,1.0596911730813552,0.05632883862548932,0.027202072538860107
2020-05-08,681,32.0,666.5714285714286,2.0,4.857142857142857,18.285714285714285,13.0,0.2857142857142857,95.69586120445821,1.052009993186464,0.04943868739205537,0.02743249035576511
2020-05-09,688,32.0,671.0,7.0,4.428571428571428,20.285714285714285,0.0,1.9999999999999998,101.40589236271973,1.0490107913669064,0.046720960137162426,0.030232063018948263
2020-05-10,688,34.0,675.8571428571427,0.0,4.857142857142856,22.285714285714285,2.0,1.9999999999999998,104.05039312841768,1.0477358911443229,0.04556099638066846,0.03297400126823083
2020-05-11,693,34.0,678.8571428571429,5.0,3.0,24.57142857142857,0.0,2.2857142857142856,107.91616752878747,1.0459871766526638,0.04396533502430755,0.03619528619528619
2020-05-12,694,34.0,682.5714285714286,1.0,3.7142857142857144,26.857142857142854,0.0,2.2857142857142856,118.27387868912298,1.0418767814075862,0.04019360269360295,0.039347007115948095
2020-05-13,694,35.0,685.5714285714284,0.0,2.9999999999999996,29.142857142857142,1.0,2.2857142857142856,126.35290628443266,1.039147455415398,0.03767266638761002,0.04250885601166911
2020-05-14,697,37.0,688.1428571428571,3.0,2.571428571428571,31.428571428571427,2.0,2.2857142857142856,136.9901624899837,1.0360535405872193,0.03479891644092503,0.04567157982146564
2020-05-15,698,37.0,690.7142857142857,1.0,2.571428571428571,34.0,0.0,2.571428571428571,152.34408601491532,1.0323617659665667,0.03134731160473325,0.04922440537745605
2020-05-16,698,38.0,693.142857142857,0.0,2.4285714285714284,34.714285714285715,1.0,0.7142857142857142,167.55913406418472,1.0293804556099637,0.028541882109617278,0.05008244023083266
2020-05-17,699,38.0,694.5714285714284,1.0,1.4285714285714284,35.57142857142857,0.0,0.857142857142857,192.12617736021645,1.0255759881631792,0.024938169826875578,0.051213492389962985
2020-05-18,700,38.0,696.1428571428571,1.0,1.5714285714285712,36.14285714285714,0.0,0.5714285714285714,212.02446967352896,1.023148148148148,0.02262443438914008,0.05191873589164785
2020-05-19,699,38.0,697.1428571428571,-1.0,0.9999999999999998,36.71428571428571,0.0,0.5714285714285714,246.44964000808667,1.0198827961490162,0.01949517750872154,0.0526639344262295
2020-05-20,699,38.0,697.8571428571429,0.0,0.7142857142857142,37.28571428571428,0.0,0.5714285714285714,289.8870652638895,1.0168785163575746,0.01659836065573783,0.05342886386898668
2020-05-21,699,38.0,698.5714285714286,0.0,0.7142857142857142,37.714285714285715,0.0,0.42857142857142855,346.12960867726355,1.0141166701266349,0.013920163766632632,0.053987730061349694
2020-05-22,699,38.0,698.8571428571429,0.0,0.2857142857142857,37.857142857142854,0.0,0.14285714285714285,428.95901119283246,1.0113753877973113,0.011247443762781195,0.05417007358953393
2020-05-23,699,40.0,699.0,0.0,0.14285714285714285,38.0,2.0,0.14285714285714285,590.9739664600604,1.008244023083265,0.008176614881439392,0.05436337625178827
2020-05-24,699,40.0,699.1428571428571,0.0,0.14285714285714285,38.285714285714285,0.0,0.2857142857142857,763.409611190491,1.0063759769642124,0.0063355814428777135,0.054760931753167146
2020-05-25,699,40.0,699.1428571428571,0.0,0.0,38.57142857142857,0.0,0.2857142857142857,1128.3263466965311,1.0043094602914016,0.0042909685328974545,0.0551695954229669
2020-05-26,699,40.0,699.0,0.0,-0.14285714285714285,38.857142857142854,0.0,0.2857142857142857,1693.703977379223,1.0028688524590164,0.002860645688598229,0.055589617821377474
2020-05-27,699,40.0,699.0,0.0,0.0,39.142857142857146,0.0,0.2857142857142857,2965.1963334122156,1.0016376663254862,0.0016349887594522272,0.05599836501124055
2020-05-28,699,40.0,699.0,0.0,0.0,39.42857142857143,0.0,0.2857142857142857,7911.235097338236,1.0006134969325153,0.0006131207847945852,0.05640711220110362
2020-05-29,699,41.0,699.0,0.0,0.0,39.714285714285715,1.0,0.2857142857142857,23738.557983583425,1.000204415372036,0.0002043735949315284,0.056815859390966686
2020-05-30,699,42.0,699.0,0.0,0.0,40.14285714285714,1.0,0.42857142857142855,,,,0.057428980175761285
2020-05-31,699,42.0,699.0,0.0,0.0,40.42857142857142,0.0,0.2857142857142857,,,,0.057837727365624356
2020-06-01,699,42.0,699.0,0.0,0.0,40.71428571428571,0.0,0.2857142857142857,,,,0.05824647455548742
2020-06-02,699,42.0,699.0,0.0,0.0,41.0,0.0,0.2857142857142857,,,,0.058655221745350504
2020-06-03,699,42.0,699.0,0.0,0.0,41.285714285714285,0.0,0.2857142857142857,,,,0.05906396893521357
2020-06-04,699,42.0,699.0,0.0,0.0,41.57142857142857,0.0,0.2857142857142857,,,,0.05947271612507664
2020-06-05,699,42.0,699.0,0.0,0.0,41.85714285714286,0.0,0.2857142857142857,,,,0.059881463314939716
2020-06-06,699,42.0,699.0,0.0,0.0,42.0,0.0,0.14285714285714285,,,,0.060085836909871244
2020-06-07,699,42.0,699.0,0.0,0.0,42.0,0.0,0.0,,,,0.060085836909871244
2020-06-08,699,42.0,699.0,0.0,0.0,42.0,0.0,0.0,,,,0.060085836909871244
2020-06-09,699,43.0,699.0,0.0,0.0,42.0,1.0,0.0,,,,0.060085836909871244
2020-06-10,699,43.0,699.0,0.0,0.0,42.14285714285714,0.0,0.14285714285714285,,,,0.06029021050480277
2020-06-11,699,43.0,699.0,0.0,0.0,42.28571428571428,0.0,0.14285714285714285,,,,0.0604945840997343
2020-06-12,699,43.0,699.0,0.0,0.0,42.42857142857143,0.0,0.14285714285714285,,,,0.06069895769466585
2020-06-13,699,43.0,699.0,0.0,0.0,42.57142857142857,0.0,0.14285714285714285,,,,0.06090333128959738
2020-06-14,699,43.0,699.0,0.0,0.0,42.71428571428571,0.0,0.14285714285714285,,,,0.06110770488452891
2020-06-15,699,43.0,699.0,0.0,0.0,42.85714285714285,0.0,0.14285714285714285,,,,0.06131207847946044
2020-06-16,699,43.0,699.0,0.0,0.0,43.0,0.0,0.14285714285714285,,,,0.06151645207439199
2020-06-17,699,43.0,699.0,0.0,0.0,43.0,0.0,0.0,,,,0.06151645207439199
2020-06-18,699,43.0,699.0,0.0,0.0,43.0,0.0,0.0,,,,0.06151645207439199
2020-06-19,699,43.0,699.0,0.0,0.0,43.0,0.0,0.0,,,,0.06151645207439199
2020-06-20,700,43.0,699.0,1.0,0.0,43.0,0.0,0.0,,,,0.06151645207439199
2020-06-21,700,43.0,699.1428571428571,0.0,0.14285714285714285,43.0,0.0,0.0,,,,0.0615038823048631
2020-06-22,702,43.0,699.2857142857142,2.0,0.14285714285714285,43.0,0.0,0.0,23743.410013864264,1.0002043735949315,0.0002043318348998735,0.061491317671092956
2020-06-23,702,43.0,699.7142857142856,0.0,0.42857142857142855,43.0,0.0,0.0,11872.917890574301,1.000408747189863,0.00040858018386102923,0.06145365455287874
2020-06-24,703,43.0,700.1428571428571,1.0,0.42857142857142855,43.0,0.0,0.0,4750.622418437987,1.0010218679746574,0.0010208248264595987,0.061416037543358504
2020-06-25,704,43.0,700.7142857142857,1.0,0.5714285714285714,43.0,0.0,0.0,2970.0483647571846,1.0016349887594522,0.0016323199347071382,0.06136595310907238
2020-06-26,704,43.0,701.4285714285713,0.0,0.7142857142857142,43.0,0.0,0.0,1980.840364832467,1.0024524831391783,0.0024464831804280607,0.06130346232179227
2020-06-27,705,43.0,702.1428571428571,1.0,0.7142857142857142,43.0,0.0,0.0,1398.9530881363505,1.003474351113836,0.003462321792260581,0.061241098677517807
2020-06-28,705,43.0,702.8571428571428,0.0,0.7142857142857142,43.0,0.0,0.0,1133.1783844053207,1.0042909685328973,0.004272634791454677,0.061178861788617894
2020-06-29,705,43.0,703.5714285714284,0.0,0.7142857142857142,43.0,0.0,0.0,952.4514810185426,1.0051072522982636,0.005081300813008061,0.06111675126903555
2020-06-30,705,45.0,703.9999999999999,0.0,0.42857142857142855,43.0,2.0,0.0,882.6180232110107,1.0055124540628828,0.00548223350253807,0.06107954545454546
