date,npatients,ndeaths,Cases Total(Ave7),Cases Day,Cases Day(Ave7),Deaths Total(Ave7),Deaths Day,Deaths Day(Ave7),Td7,R0,K,CFR
2020-03-18,5,0.0,,,,,,,,,,
2020-03-19,5,0.0,,0.0,,,0.0,,,,,
2020-03-20,6,0.0,,1.0,,,0.0,,,,,
2020-03-21,6,0.0,,0.0,,,0.0,,,,,
2020-03-22,6,0.0,,0.0,,,0.0,,,,,
2020-03-23,6,0.0,,0.0,,,0.0,,,,,
2020-03-24,6,0.0,,0.0,,,0.0,,,,,
2020-03-25,6,0.0,5.7142857142857135,0.0,,0.0,0.0,,,,,0.0
2020-03-26,6,0.0,5.857142857142856,0.0,0.14285714285714285,0.0,0.0,0.0,,,,0.0
2020-03-27,6,0.0,5.999999999999999,0.0,0.14285714285714285,0.0,0.0,0.0,,,,0.0
2020-03-28,9,0.0,5.999999999999999,3.0,0.0,0.0,0.0,0.0,,,,0.0
2020-03-29,9,0.0,6.428571428571428,0.0,0.42857142857142855,0.0,0.0,0.0,,,,0.0
2020-03-30,11,0.0,6.857142857142857,2.0,0.42857142857142855,0.0,0.0,0.0,,,,0.0
2020-03-31,13,0.0,7.57142857142857,2.0,0.7142857142857142,0.0,0.0,0.0,,,,0.0
2020-04-01,15,0.0,8.571428571428571,2.0,0.9999999999999999,0.0,0.0,0.0,17.241703773906302,1.2226356527415796,0.24528301886792447,0.0
2020-04-02,16,0.0,9.857142857142856,1.0,1.2857142857142856,0.0,0.0,0.0,12.74259648749469,1.3125612144031127,0.31666666666666676,0.0
2020-04-03,24,0.0,11.285714285714285,8.0,1.4285714285714284,0.0,0.0,0.0,9.773710209059157,1.425607125457552,0.3913043478260869,0.0
2020-04-04,32,0.0,13.857142857142856,8.0,2.571428571428571,0.0,0.0,0.0,7.67995793680535,1.5703054699380057,0.4683544303797469,0.0
2020-04-05,43,0.0,17.142857142857142,11.0,3.2857142857142856,0.0,0.0,0.0,6.317348884994618,1.7308386561399298,0.5360824742268041,0.0
2020-04-06,45,0.0,22.0,2.0,4.857142857142857,0.0,0.0,0.0,5.295295581562209,1.924167448516752,0.6000000000000001,0.0
2020-04-07,51,0.0,26.857142857142854,6.0,4.857142857142857,0.0,0.0,0.0,4.548803864796402,2.14234386147695,0.6558441558441559,0.0
2020-04-08,66,0.0,32.285714285714285,15.0,5.428571428571428,0.0,0.0,0.0,4.2483506759907375,2.2609472385554126,0.6808510638297872,0.0
2020-04-09,72,0.0,39.57142857142857,6.0,7.285714285714285,0.0,0.0,0.0,4.089610360587835,2.3336858435134316,0.6946902654867257,0.0
2020-04-10,92,0.0,47.57142857142857,20.0,7.999999999999999,0.0,0.0,0.0,3.8674857546022605,2.4500812351935344,0.7148014440433212,0.0
2020-04-11,104,0.0,57.28571428571428,12.0,9.714285714285714,0.0,0.0,0.0,3.9337654492945497,2.413366131886577,0.7087087087087087,0.0
2020-04-12,113,0.0,67.57142857142857,9.0,10.285714285714285,0.0,0.0,0.0,4.021676073719027,2.3673331309781225,0.7007481296758105,0.0
2020-04-13,121,0.0,77.57142857142857,8.0,10.0,0.0,0.0,0.0,4.323897389989583,2.2289498638468945,0.6744186046511628,0.0
2020-04-14,131,1.0,88.42857142857142,10.0,10.857142857142854,0.0,1.0,0.0,4.574507013365106,2.133192194729877,0.6537753222836096,0.0
2020-04-15,140,4.0,99.85714285714285,9.0,11.428571428571429,0.14285714285714285,3.0,0.14285714285714285,4.815575044197543,2.0538027041484495,0.6348949919224556,0.001430615164520744
2020-04-16,146,4.0,110.42857142857143,6.0,10.57142857142857,0.7142857142857142,0.0,0.5714285714285714,5.241849660285987,1.93705077476453,0.603719599427754,0.006468305304010349
2020-04-17,160,4.0,121.0,14.0,10.571428571428573,1.2857142857142856,0.0,0.5714285714285714,5.761571819118758,1.8249016830660194,0.5692108667529108,0.01062573789846517
2020-04-18,173,4.0,130.71428571428572,13.0,9.714285714285714,1.857142857142857,0.0,0.5714285714285714,6.488933343228831,1.7059113373996198,0.526564344746163,0.014207650273224041
2020-04-19,178,4.0,140.57142857142858,5.0,9.857142857142856,2.4285714285714284,0.0,0.5714285714285714,7.353469824275298,1.60208546746813,0.4830601092896175,0.01727642276422764
2020-04-20,180,4.0,149.85714285714286,2.0,9.285714285714285,3.0,0.0,0.5714285714285714,8.161303571109652,1.529062340121769,0.44817073170731714,0.020019065776930408
2020-04-21,190,5.0,158.28571428571428,10.0,8.428571428571429,3.571428571428571,1.0,0.5714285714285714,9.19838247371971,1.4575787495741248,0.4099142040038133,0.022563176895306857
2020-04-22,199,5.0,166.71428571428572,9.0,8.428571428571427,4.142857142857142,0.0,0.5714285714285714,10.532753904828228,1.3896385269466829,0.36913357400722024,0.024850042844901454
2020-04-23,216,5.0,175.1428571428571,17.0,8.428571428571427,4.285714285714286,0.0,0.14285714285714285,11.779271757969886,1.342083522668623,0.33761782347900604,0.02446982055464927
2020-04-24,222,5.0,185.14285714285714,6.0,9.999999999999998,4.428571428571429,0.0,0.14285714285714285,13.120282331260826,1.3023248528242788,0.3091353996737356,0.023919753086419755
2020-04-25,224,5.0,194.0,2.0,8.857142857142856,4.571428571428571,0.0,0.14285714285714285,13.93805732989225,1.282296643090085,0.2939814814814814,0.023564064801178203
2020-04-26,229,5.0,201.28571428571428,5.0,7.285714285714285,4.714285714285714,0.0,0.14285714285714285,15.061755600133319,1.258728043991013,0.27540500736377016,0.0234208658623137
2020-04-27,236,5.0,208.57142857142858,7.0,7.285714285714285,4.857142857142857,0.0,0.14285714285714285,16.44516850370688,1.234597407460592,0.25550035486160394,0.02328767123287671
2020-04-28,245,5.0,216.57142857142856,9.0,7.999999999999999,5.0,0.0,0.14285714285714285,17.58747625001355,1.21781349532196,0.24109589041095902,0.023087071240105544
2020-04-29,250,6.0,224.42857142857142,5.0,7.857142857142857,5.0,1.0,0.0,18.54475628417677,1.205488588981336,0.23021108179419514,0.022278803309993635
2020-04-30,251,6.0,231.71428571428572,1.0,7.285714285714286,5.142857142857142,0.0,0.14285714285714285,19.56814766410586,1.1937636973549854,0.21960534691279454,0.02219482120838471
2020-05-01,254,7.0,236.71428571428572,3.0,5.0,5.285714285714285,1.0,0.14285714285714285,21.62442018343764,1.173827223222953,0.2009864364981505,0.022329511164755577
2020-05-02,260,13.0,241.2857142857143,6.0,4.571428571428572,5.571428571428571,6.0,0.2857142857142857,24.382587347206027,1.1527377812123096,0.18044659022329512,0.02309058614564831
2020-05-03,264,13.0,246.42857142857142,4.0,5.142857142857142,6.7142857142857135,0.0,1.1428571428571428,26.768876202484396,1.1382236673650628,0.16577856719952644,0.0272463768115942
2020-05-04,267,13.0,251.42857142857144,3.0,4.999999999999999,7.857142857142856,0.0,1.1428571428571428,29.090547275767335,1.1265232878255171,0.15362318840579703,0.031249999999999993
2020-05-05,268,13.0,255.85714285714286,1.0,4.428571428571429,9.0,0.0,1.1428571428571428,32.51191585407501,1.112487995195132,0.13863636363636378,0.035175879396984924
2020-05-06,271,13.0,259.14285714285717,3.0,3.2857142857142856,10.142857142857142,0.0,1.1428571428571428,37.020944347547044,1.098137480937821,0.12283640424343945,0.03914002205071664
2020-05-07,275,13.0,262.1428571428571,4.0,2.9999999999999996,11.142857142857142,0.0,1.0,43.37033706918605,1.0831898826137871,0.10584343991179723,0.04250681198910082
2020-05-08,275,16.0,265.57142857142856,0.0,3.428571428571428,12.142857142857142,3.0,1.0,47.55226078930267,1.0756043327441085,0.0970027247956402,0.045723507261968804
2020-05-09,277,16.0,268.57142857142856,2.0,3.0,13.428571428571427,0.0,1.2857142857142856,50.593592168501594,1.0709022090540905,0.09144701452393744,0.049999999999999996
2020-05-10,278,16.0,271.0,1.0,2.4285714285714284,13.857142857142854,0.0,0.42857142857142855,56.389629780469924,1.063388511874758,0.08244680851063824,0.051133368476541895
2020-05-11,280,17.0,273.0,2.0,2.0,14.285714285714285,1.0,0.42857142857142855,64.72836056772512,1.0550021161841021,0.07221929362150759,0.05232862375719518
2020-05-12,283,19.0,274.85714285714283,3.0,1.8571428571428568,14.857142857142856,2.0,0.5714285714285714,74.81634645077598,1.0474129266199934,0.06279434850863419,0.05405405405405406
2020-05-13,284,19.0,277.0,1.0,2.1428571428571423,15.714285714285712,0.0,0.8571428571428571,82.41660243483383,1.0429481151133084,0.05717255717255698,0.056730273336771525
2020-05-14,284,20.0,278.85714285714283,0.0,1.857142857142857,16.57142857142857,1.0,0.8571428571428571,88.0140677523189,1.040162621422226,0.05363589479112951,0.05942622950819672
2020-05-15,285,20.0,280.1428571428571,1.0,1.2857142857142856,17.57142857142857,0.0,1.0,99.39471085594106,1.035483444452349,0.04764344262295084,0.06272310045894952
2020-05-16,286,21.0,281.57142857142856,1.0,1.4285714285714284,18.142857142857142,1.0,0.5714285714285714,115.02398304071262,1.0305890688485817,0.04130545639979599,0.06443429731100964
2020-05-17,287,21.0,282.85714285714283,1.0,1.2857142857142856,18.857142857142854,0.0,0.7142857142857142,126.79299414840463,1.0277108080174933,0.03754439370877727,0.06666666666666667
2020-05-18,287,22.0,284.1428571428571,0.0,1.2857142857142854,19.57142857142857,1.0,0.7142857142857142,136.7918160941556,1.0256595227091378,0.034848484848484795,0.06887883358471594
2020-05-19,290,22.0,285.1428571428571,3.0,0.9999999999999998,20.285714285714285,0.0,0.7142857142857142,146.03267687050035,1.0240164648558072,0.0326797385620915,0.07114228456913828
2020-05-20,290,22.0,286.14285714285717,0.0,1.0,20.71428571428571,0.0,0.42857142857142855,167.46845286455425,1.0209104817499015,0.028557114228456748,0.07239141288067896
2020-05-21,292,22.0,287.0,2.0,0.8571428571428571,21.142857142857142,0.0,0.42857142857142855,188.12466669690232,1.0185932911129194,0.02546180728906655,0.07366849178695868
2020-05-22,294,24.0,288.1428571428571,2.0,1.1428571428571428,21.428571428571427,2.0,0.2857142857142857,200.6418904337051,1.0174232869896649,0.023892483822797517,0.07436787307882994
2020-05-23,295,24.0,289.42857142857144,1.0,1.2857142857142856,21.999999999999996,0.0,0.5714285714285714,210.31563601027952,1.0166152595408906,0.022806147744174443,0.07601184600197432
2020-05-24,295,24.0,290.71428571428567,0.0,1.2857142857142856,22.428571428571423,0.0,0.42857142857142855,211.26498819556477,1.0165399821994119,0.022704837117472954,0.07714987714987714
2020-05-25,295,24.0,291.85714285714283,0.0,1.1428571428571428,22.857142857142854,0.0,0.42857142857142855,212.21434000581672,1.0164653839011648,0.022604422604422525,0.07831620166421928
2020-05-26,296,24.0,293.0,1.0,1.1428571428571428,23.14285714285714,0.0,0.2857142857142857,208.4730388353279,1.0167633382634915,0.023005384238864446,0.07898586055582642
2020-05-27,296,24.0,293.85714285714283,0.0,0.857142857142857,23.428571428571423,0.0,0.2857142857142857,204.8876195280855,1.0170591755131801,0.023403217942467025,0.0797277588721439
2020-05-28,297,24.0,294.7142857142857,1.0,0.857142857142857,23.71428571428571,0.0,0.2857142857142857,205.49415157237812,1.0170083982354585,0.02333495381623718,0.08046534173533687
2020-05-29,298,24.0,295.4285714285714,1.0,0.7142857142857142,23.999999999999996,0.0,0.2857142857142857,215.16787662675236,1.016237544107112,0.02229762481822606,0.08123791102514506
2020-05-30,298,25.0,295.99999999999994,0.0,0.5714285714285714,23.999999999999996,1.0,0.0,236.47041677345453,1.0147640350956644,0.02030947775628611,0.08108108108108109
2020-05-31,298,25.0,296.4285714285714,0.0,0.42857142857142855,24.14285714285714,0.0,0.14285714285714285,269.2803941591286,1.0129535406377024,0.017857142857142794,0.08144578313253012
2020-06-01,298,25.0,296.8571428571428,0.0,0.42857142857142855,24.285714285714285,0.0,0.14285714285714285,312.19153819707765,1.0111631609739653,0.01542168674698785,0.08180943214629453
2020-06-02,298,25.0,297.2857142857142,0.0,0.42857142857142855,24.428571428571423,0.0,0.14285714285714285,370.9953223087981,1.0093854940839981,0.01299326275264645,0.08217203267659778
2020-06-03,298,26.0,297.5714285714285,0.0,0.2857142857142857,24.57142857142857,1.0,0.14285714285714285,418.2807520755854,1.008320090258469,0.01153291686689073,0.08257321171387423
2020-06-04,298,26.0,297.85714285714283,0.0,0.2857142857142857,24.857142857142854,0.0,0.2857142857142857,502.90903585803795,1.006915177459365,0.00960153624579907,0.08345323741007193
2020-06-05,299,27.0,297.99999999999994,1.0,0.14285714285714285,25.142857142857146,1.0,0.2857142857142857,592.6579158075792,1.0058649163884381,0.008153477218225458,0.08437200383509111
2020-06-06,299,27.0,298.1428571428571,0.0,0.14285714285714285,25.571428571428573,0.0,0.42857142857142855,720.5237713834547,1.0048216097172717,0.006711409395973145,0.08576904647819839
2020-06-07,299,27.0,298.2857142857143,0.0,0.14285714285714285,25.857142857142858,0.0,0.2857142857142857,841.4205833436488,1.0041274046640916,0.005749880210829006,0.08668582375478928
2020-06-08,299,27.0,298.42857142857144,0.0,0.14285714285714285,26.142857142857142,0.0,0.2857142857142857,1010.6759628487224,1.0034350128549294,0.0047892720306516035,0.08760172331258975
2020-06-09,299,27.0,298.57142857142856,0.0,0.14285714285714285,26.428571428571427,0.0,0.2857142857142857,1264.5588361238933,1.0027444270373238,0.003829583532791059,0.08851674641148326
2020-06-10,299,27.0,298.7142857142857,0.0,0.14285714285714285,26.714285714285715,0.0,0.2857142857142857,1446.2502357306437,1.002399233349218,0.0033492822966508795,0.08943089430894309
2020-06-11,299,27.0,298.8571428571429,0.0,0.14285714285714285,26.857142857142858,0.0,0.14285714285714285,1688.50536995873,1.0020546544840392,0.0028694404591105283,0.0898661567877629
2020-06-12,299,27.0,299.0,0.0,0.14285714285714285,27.0,0.0,0.14285714285714285,1689.3140422254355,1.0020536699145512,0.0028680688336523152,0.0903010033444816
2020-06-13,299,27.0,299.0,0.0,0.0,27.0,0.0,0.0,1690.1227144917884,1.0020526862882029,0.002866698518872557,0.0903010033444816
2020-06-14,299,27.0,299.0,0.0,0.0,27.0,0.0,0.0,2028.632886265059,1.0017098697655644,0.0023889154323937234,0.0903010033444816
2020-06-15,299,27.0,299.0,0.0,0.0,27.0,0.0,0.0,2536.3980469854782,1.001367334585993,0.00191113234591489,0.0903010033444816
2020-06-16,299,27.0,299.0,0.0,0.0,27.0,0.0,0.0,3382.6731856921974,1.001025080384084,0.0014333492594362784,0.0903010033444816
2020-06-17,299,27.0,299.0,0.0,0.0,27.0,0.0,0.0,5075.2232695054445,1.0006831067950803,0.000955566172957445,0.0903010033444816
2020-06-18,299,27.0,299.0,0.0,0.0,27.0,0.0,0.0,10152.87313402089,1.0003414134548732,0.00047778308647861145,0.0903010033444816
2020-06-19,299,27.0,299.0,0.0,0.0,27.0,0.0,0.0,,,,0.0903010033444816
2020-06-20,299,27.0,299.0,0.0,0.0,27.0,0.0,0.0,,,,0.0903010033444816
2020-06-21,299,27.0,299.0,0.0,0.0,27.0,0.0,0.0,,,,0.0903010033444816
2020-06-22,300,27.0,299.0,1.0,0.0,27.0,0.0,0.0,,,,0.0903010033444816
2020-06-23,300,27.0,299.1428571428571,0.0,0.14285714285714285,27.0,0.0,0.0,,,,0.09025787965616047
2020-06-24,300,27.0,299.2857142857143,0.0,0.14285714285714285,27.0,0.0,0.0,10157.725164379724,1.000341250344429,0.0004775549188155148,0.0902147971360382
2020-06-25,300,27.0,299.4285714285714,0.0,0.14285714285714285,27.0,0.0,0.0,5080.075300138835,1.0006824541303807,0.0009546539379474694,0.09017175572519086
2020-06-26,300,27.0,299.57142857142856,0.0,0.14285714285714285,27.0,0.0,0.0,3387.525216787399,1.0010236113864264,0.0014312977099235624,0.09012875536480687
2020-06-27,300,27.0,299.71428571428567,0.0,0.14285714285714285,27.0,0.0,0.0,2541.2500787261642,1.0013647221411064,0.0019074868860275984,0.09008579599618687
2020-06-28,300,27.0,299.85714285714283,0.0,0.14285714285714285,27.0,0.0,0.0,2033.484918836723,1.0017057864229295,0.0023832221163010425,0.09004287756074322
2020-06-29,300,27.0,299.99999999999994,0.0,0.14285714285714285,27.0,0.0,0.0,1694.9747480787105,1.0020468042603738,0.00285850404954735,0.09000000000000001
2020-06-30,300,27.0,299.99999999999994,0.0,0.0,27.0,0.0,0.0,1695.7834203412656,1.0020458271982213,0.0028571428571427804,0.09000000000000001
2020-07-01,300,27.0,299.99999999999994,0.0,0.0,27.0,0.0,0.0,2035.4257318621064,1.00170415854147,0.0023809523809522615,0.09000000000000001
2020-07-02,300,27.0,299.99999999999994,0.0,0.0,27.0,0.0,0.0,2544.8891025281105,1.0013627693492368,0.0019047619047618536,0.09000000000000001
2020-07-03,300,27.0,299.99999999999994,0.0,0.0,27.0,0.0,0.0,3393.994591576267,1.0010216592597674,0.0014285714285713347,0.09000000000000001
2020-07-04,300,27.0,299.99999999999994,0.0,0.0,27.0,0.0,0.0,5092.205376718571,1.0006808279119481,0.0009523809523809268,0.09000000000000001
2020-07-05,300,27.0,299.99999999999994,0.0,0.0,27.0,0.0,0.0,10186.83734651308,1.0003402749453048,0.0004761904761904079,0.09000000000000001
2020-07-06,300,27.0,299.99999999999994,0.0,0.0,27.0,0.0,0.0,,,,0.09000000000000001
2020-07-07,300,27.0,299.99999999999994,0.0,0.0,27.0,0.0,0.0,,,,0.09000000000000001
2020-07-08,300,27.0,299.99999999999994,0.0,0.0,27.0,0.0,0.0,,,,0.09000000000000001
2020-07-09,300,27.0,299.99999999999994,0.0,0.0,27.0,0.0,0.0,,,,0.09000000000000001
2020-07-10,300,27.0,299.99999999999994,0.0,0.0,27.0,0.0,0.0,,,,0.09000000000000001
2020-07-11,300,27.0,299.99999999999994,0.0,0.0,27.0,0.0,0.0,,,,0.09000000000000001
2020-07-12,300,27.0,299.99999999999994,0.0,0.0,27.0,0.0,0.0,,,,0.09000000000000001
2020-07-13,300,27.0,299.99999999999994,0.0,0.0,27.0,0.0,0.0,,,,0.09000000000000001
2020-07-14,300,27.0,299.99999999999994,0.0,0.0,27.0,0.0,0.0,,,,0.09000000000000001
2020-07-15,300,27.0,299.99999999999994,0.0,0.0,27.0,0.0,0.0,,,,0.09000000000000001
2020-07-16,300,27.0,299.99999999999994,0.0,0.0,27.0,0.0,0.0,,,,0.09000000000000001
2020-07-17,301,27.0,299.99999999999994,1.0,0.0,27.0,0.0,0.0,,,,0.09000000000000001
2020-07-18,303,27.0,300.1428571428571,2.0,0.14285714285714285,27.0,0.0,0.0,,,,0.08995716325559258
2020-07-19,303,27.0,300.57142857142856,0.0,0.42857142857142855,27.0,0.0,0.0,10191.689376867187,1.0003401129206355,0.0004759638267491928,0.08982889733840305
2020-07-20,303,27.0,301.0,0.0,0.42857142857142855,27.0,0.0,0.0,2549.741134258602,1.0013601743034621,0.0019011406844108292,0.08970099667774087
2020-07-21,306,27.0,301.4285714285714,3.0,0.42857142857142855,27.0,0.0,0.0,1458.033748763109,1.0023798202107217,0.0033222591362128684,0.08957345971563982
2020-07-22,306,27.0,302.2857142857143,0.0,0.8571428571428571,27.0,0.0,0.0,1021.3504497167756,1.0033990514028424,0.004739336492891044,0.0893194706994329
2020-07-23,307,27.0,303.1428571428571,1.0,0.8571428571428571,27.0,0.0,0.0,639.2519182967538,1.0054362726710429,0.007561436672968047,0.08906691800188503
2020-07-24,310,27.0,304.1428571428571,3.0,1.0,27.0,0.0,0.0,465.5701446485819,1.007471844142286,0.01036757775683328,0.08877407233442931
2020-07-25,310,27.0,305.42857142857144,0.0,1.2857142857142856,27.0,0.0,0.0,366.49621874885435,1.0095012559409466,0.013151714419915472,0.08840037418147802
2020-07-26,313,27.0,306.42857142857144,3.0,1.0,27.0,0.0,0.0,302.6745827197662,1.0115161762190272,0.015902712815715758,0.08811188811188811
2020-07-27,313,27.0,307.8571428571429,0.0,1.4285714285714286,27.0,0.0,0.0,271.4510975361788,1.0128492928639559,0.017715617715617804,0.0877030162412993
2020-07-28,314,27.0,309.2857142857143,1.0,1.4285714285714286,27.0,0.0,0.0,229.92379051672825,1.0151875883004815,0.020881670533642982,0.08729792147806005
2020-07-29,316,27.0,310.4285714285714,2.0,1.1428571428571428,27.0,0.0,0.0,211.94524939444432,1.016486460119678,0.02263279445727484,0.08697653014265992
