date,npatients,ndeaths,Cases Total(Ave7),Cases Day,Cases Day(Ave7),Deaths Total(Ave7),Deaths Day,Deaths Day(Ave7),Td7,R0,K,CFR
2020-03-18,5,0.0,,,,,,,,,,
2020-03-19,6,0.0,,1.0,,,0.0,,,,,
2020-03-20,6,0.0,,0.0,,,0.0,,,,,
2020-03-21,6,0.0,,0.0,,,0.0,,,,,
2020-03-22,6,0.0,,0.0,,,0.0,,,,,
2020-03-23,6,0.0,,0.0,,,0.0,,,,,
2020-03-24,6,0.0,,0.0,,,0.0,,,,,
2020-03-25,6,0.0,5.857142857142856,0.0,,0.0,0.0,,,,,0.0
2020-03-26,6,0.0,5.999999999999999,0.0,0.14285714285714285,0.0,0.0,0.0,,,,0.0
2020-03-27,6,0.0,5.999999999999999,0.0,0.0,0.0,0.0,0.0,,,,0.0
2020-03-28,9,0.0,5.999999999999999,3.0,0.0,0.0,0.0,0.0,,,,0.0
2020-03-29,9,0.0,6.428571428571428,0.0,0.42857142857142855,0.0,0.0,0.0,,,,0.0
2020-03-30,11,0.0,6.857142857142857,2.0,0.42857142857142855,0.0,0.0,0.0,,,,0.0
2020-03-31,11,0.0,7.57142857142857,0.0,0.7142857142857142,0.0,0.0,0.0,,,,0.0
2020-04-01,11,0.0,8.285714285714285,0.0,0.7142857142857142,0.0,0.0,0.0,18.900097999808896,,0.2264150943396227,0.0
2020-04-02,12,0.0,9.0,1.0,0.7142857142857142,0.0,0.0,0.0,15.03231177111821,3.156925177794596,0.27586206896551724,0.0
2020-04-03,12,0.0,9.857142857142856,0.0,0.857142857142857,0.0,0.0,0.0,11.966579039460179,,0.3333333333333335,0.0
2020-04-04,12,0.0,10.714285714285712,0.0,0.857142857142857,0.0,0.0,0.0,9.773710209059157,,0.3913043478260869,0.0
2020-04-05,13,0.0,11.14285714285714,1.0,0.42857142857142855,0.0,0.0,0.0,9.49840814199707,1.6406707120152757,0.3999999999999999,0.0
2020-04-06,13,0.0,11.714285714285714,0.0,0.5714285714285714,0.0,0.0,0.0,9.993722255753015,1.0,0.38461538461538447,0.0
2020-04-07,13,0.0,12.0,0.0,0.2857142857142857,0.0,0.0,0.0,11.117613149134305,0.8526652466135367,0.35365853658536595,0.0
2020-04-08,13,0.0,12.285714285714286,0.0,0.2857142857142857,0.0,0.0,0.0,13.100360817192044,0.5197052890437638,0.30952380952380965,0.0
2020-04-09,15,0.0,12.571428571428571,2.0,0.2857142857142857,0.0,0.0,0.0,15.590727154984535,0.5197052890437638,0.2674418604651163,0.0
2020-04-10,15,0.0,13.0,0.0,0.42857142857142855,0.0,0.0,0.0,19.948296190119223,0.45624603554740056,0.21590909090909094,0.0
2020-04-11,17,0.0,13.428571428571427,2.0,0.42857142857142855,0.0,0.0,0.0,25.091768689942196,0.6095068271022378,0.17582417582417598,0.0
2020-04-12,17,0.0,14.142857142857142,0.0,0.7142857142857142,0.0,0.0,0.0,26.004263015543817,1.0,0.17021276595744683,0.0
2020-04-13,17,0.0,14.714285714285714,0.0,0.5714285714285714,0.0,0.0,0.0,25.75379372463546,1.1727931963588538,0.1717171717171717,0.0
2020-04-14,19,0.0,15.285714285714286,2.0,0.5714285714285714,0.0,0.0,0.0,23.79470437016003,1.640670712015276,0.18446601941747565,0.0
2020-04-15,20,0.0,16.142857142857142,1.0,0.8571428571428571,0.0,0.0,0.0,22.207964589170512,1.640670712015276,0.19626168224299068,0.0
2020-04-16,26,1.0,17.142857142857142,6.0,1.0,0.0,1.0,0.0,19.40416227793446,2.1917998669297094,0.22123893805309736,0.0
2020-04-17,32,1.0,18.714285714285715,6.0,1.5714285714285712,0.14285714285714285,0.0,0.14285714285714285,17.53964154513133,1.8316418628294775,0.2416666666666667,0.007633587786259541
2020-04-18,35,1.0,21.14285714285714,3.0,2.4285714285714284,0.2857142857142857,0.0,0.14285714285714285,14.618840368944799,2.5295951606412554,0.2824427480916032,0.013513513513513516
2020-04-19,36,1.0,23.71428571428571,1.0,2.571428571428571,0.42857142857142855,0.0,0.14285714285714285,12.066952717293974,2.3967779350666865,0.33108108108108103,0.018072289156626505
2020-04-20,39,1.0,26.428571428571427,3.0,2.714285714285714,0.5714285714285714,0.0,0.14285714285714285,10.166455312357611,2.9280626645503034,0.37951807228915657,0.021621621621621623
2020-04-21,41,1.0,29.57142857142857,2.0,3.1428571428571423,0.7142857142857142,0.0,0.14285714285714285,8.861718868794192,3.043354744850481,0.42162162162162153,0.024154589371980676
2020-04-22,43,1.0,32.71428571428571,2.0,3.1428571428571423,0.857142857142857,0.0,0.14285714285714285,8.015499731369795,2.5295951606412554,0.45410628019323673,0.026200873362445413
2020-04-23,43,1.0,36.0,0.0,3.285714285714285,0.9999999999999998,0.0,0.14285714285714285,7.508206530164386,2.265853809930126,0.4759825327510916,0.027777777777777773
2020-04-24,45,1.0,38.42857142857143,2.0,2.4285714285714284,0.9999999999999998,0.0,0.0,7.416378305989014,1.6935999104289503,0.4801587301587301,0.026022304832713748
2020-04-25,45,1.0,40.285714285714285,0.0,1.8571428571428568,0.9999999999999998,0.0,0.0,8.120564895434986,1.0,0.44981412639405216,0.024822695035460987
2020-04-26,45,1.0,41.714285714285715,0.0,1.4285714285714284,0.9999999999999998,0.0,0.0,9.156168540012969,0.7925936802186191,0.4113475177304965,0.023972602739726023
2020-04-27,45,1.0,43.0,0.0,1.2857142857142856,0.9999999999999998,0.0,0.0,10.631138844640754,0.632252106584862,0.3664383561643836,0.02325581395348837
2020-04-28,45,1.0,43.857142857142854,0.0,0.8571428571428571,0.9999999999999998,0.0,0.0,12.959777755336415,0.5281149344849226,0.31229235880398676,0.022801302931596087
2020-04-29,45,1.0,44.42857142857142,0.0,0.5714285714285714,0.9999999999999998,0.0,0.0,16.552726475549957,0.3953201743738705,0.25407166123778513,0.022508038585209
2020-04-30,45,1.0,44.71428571428571,0.0,0.2857142857142857,0.9999999999999998,0.0,0.0,23.064946036142597,0.2866685904019024,0.18971061093247577,0.022364217252396165
2020-05-01,45,1.0,45.0,0.0,0.2857142857142857,0.9999999999999998,0.0,0.0,32.028333636432116,0.21683497725846007,0.1405750798722043,0.022222222222222216
2020-05-02,45,1.0,45.0,0.0,0.0,0.9999999999999998,0.0,0.0,43.84408227906279,0.262631976696185,0.10476190476190483,0.022222222222222216
2020-05-03,45,1.0,45.0,0.0,0.0,0.9999999999999998,0.0,0.0,63.99505036257602,0.0,0.07301587301587298,0.022222222222222216
2020-05-04,45,1.0,45.0,0.0,0.0,0.9999999999999998,0.0,0.0,106.7262843715021,0.0,0.0444444444444444,0.022222222222222216
2020-05-05,45,1.0,45.0,0.0,0.0,0.9999999999999998,0.0,0.0,188.61227512869445,0.0,0.025396825396825418,0.022222222222222216
2020-05-06,45,1.0,45.0,0.0,0.0,0.9999999999999998,0.0,0.0,379.66620086406834,0.0,0.012698412698412764,0.022222222222222216
2020-05-07,45,1.0,45.0,0.0,0.0,0.9999999999999998,0.0,0.0,761.7661760407909,0.0,0.006349206349206438,0.022222222222222216
2020-05-08,45,1.0,45.0,0.0,0.0,0.9999999999999998,0.0,0.0,,0.0,,0.022222222222222216
2020-05-09,45,1.0,45.0,0.0,0.0,0.9999999999999998,0.0,0.0,,,,0.022222222222222216
2020-05-10,45,1.0,45.0,0.0,0.0,0.9999999999999998,0.0,0.0,,,,0.022222222222222216
2020-05-11,45,1.0,45.0,0.0,0.0,0.9999999999999998,0.0,0.0,,,,0.022222222222222216
2020-05-12,45,1.0,45.0,0.0,0.0,0.9999999999999998,0.0,0.0,,,,0.022222222222222216
2020-05-13,45,1.0,45.0,0.0,0.0,0.9999999999999998,0.0,0.0,,,,0.022222222222222216
2020-05-14,45,1.0,45.0,0.0,0.0,0.9999999999999998,0.0,0.0,,,,0.022222222222222216
2020-05-15,45,1.0,45.0,0.0,0.0,0.9999999999999998,0.0,0.0,,,,0.022222222222222216
2020-05-16,45,1.0,45.0,0.0,0.0,0.9999999999999998,0.0,0.0,,,,0.022222222222222216
2020-05-17,45,1.0,45.0,0.0,0.0,0.9999999999999998,0.0,0.0,,,,0.022222222222222216
2020-05-18,45,1.0,45.0,0.0,0.0,0.9999999999999998,0.0,0.0,,,,0.022222222222222216
2020-05-19,45,1.0,45.0,0.0,0.0,0.9999999999999998,0.0,0.0,,,,0.022222222222222216
2020-05-20,45,1.0,45.0,0.0,0.0,0.9999999999999998,0.0,0.0,,,,0.022222222222222216
2020-05-21,45,1.0,45.0,0.0,0.0,0.9999999999999998,0.0,0.0,,,,0.022222222222222216
2020-05-22,45,1.0,45.0,0.0,0.0,0.9999999999999998,0.0,0.0,,,,0.022222222222222216
2020-05-23,45,1.0,45.0,0.0,0.0,0.9999999999999998,0.0,0.0,,,,0.022222222222222216
2020-05-24,45,1.0,45.0,0.0,0.0,0.9999999999999998,0.0,0.0,,,,0.022222222222222216
2020-05-25,45,1.0,45.0,0.0,0.0,0.9999999999999998,0.0,0.0,,,,0.022222222222222216
2020-05-26,45,1.0,45.0,0.0,0.0,0.9999999999999998,0.0,0.0,,,,0.022222222222222216
2020-05-27,45,1.0,45.0,0.0,0.0,0.9999999999999998,0.0,0.0,,,,0.022222222222222216
2020-05-28,45,1.0,45.0,0.0,0.0,0.9999999999999998,0.0,0.0,,,,0.022222222222222216
2020-05-29,45,1.0,45.0,0.0,0.0,0.9999999999999998,0.0,0.0,,,,0.022222222222222216
2020-05-30,45,1.0,45.0,0.0,0.0,0.9999999999999998,0.0,0.0,,,,0.022222222222222216
2020-05-31,45,1.0,45.0,0.0,0.0,0.9999999999999998,0.0,0.0,,,,0.022222222222222216
2020-06-01,45,1.0,45.0,0.0,0.0,0.9999999999999998,0.0,0.0,,,,0.022222222222222216
2020-06-02,45,1.0,45.0,0.0,0.0,0.9999999999999998,0.0,0.0,,,,0.022222222222222216
2020-06-03,45,1.0,45.0,0.0,0.0,0.9999999999999998,0.0,0.0,,,,0.022222222222222216
2020-06-04,45,1.0,45.0,0.0,0.0,0.9999999999999998,0.0,0.0,,,,0.022222222222222216
2020-06-05,45,1.0,45.0,0.0,0.0,0.9999999999999998,0.0,0.0,,,,0.022222222222222216
2020-06-06,45,1.0,45.0,0.0,0.0,0.9999999999999998,0.0,0.0,,,,0.022222222222222216
2020-06-07,45,1.0,45.0,0.0,0.0,0.9999999999999998,0.0,0.0,,,,0.022222222222222216
2020-06-08,45,1.0,45.0,0.0,0.0,0.9999999999999998,0.0,0.0,,,,0.022222222222222216
2020-06-09,45,1.0,45.0,0.0,0.0,0.9999999999999998,0.0,0.0,,,,0.022222222222222216
2020-06-10,45,1.0,45.0,0.0,0.0,0.9999999999999998,0.0,0.0,,,,0.022222222222222216
2020-06-11,45,1.0,45.0,0.0,0.0,0.9999999999999998,0.0,0.0,,,,0.022222222222222216
2020-06-12,45,1.0,45.0,0.0,0.0,0.9999999999999998,0.0,0.0,,,,0.022222222222222216
2020-06-13,45,1.0,45.0,0.0,0.0,0.9999999999999998,0.0,0.0,,,,0.022222222222222216
2020-06-14,45,1.0,45.0,0.0,0.0,0.9999999999999998,0.0,0.0,,,,0.022222222222222216
2020-06-15,45,1.0,45.0,0.0,0.0,0.9999999999999998,0.0,0.0,,,,0.022222222222222216
2020-06-16,45,1.0,45.0,0.0,0.0,0.9999999999999998,0.0,0.0,,,,0.022222222222222216
2020-06-17,45,1.0,45.0,0.0,0.0,0.9999999999999998,0.0,0.0,,,,0.022222222222222216
2020-06-18,45,1.0,45.0,0.0,0.0,0.9999999999999998,0.0,0.0,,,,0.022222222222222216
2020-06-19,46,1.0,45.0,1.0,0.0,0.9999999999999998,0.0,0.0,,,,0.022222222222222216
2020-06-20,46,1.0,45.14285714285714,0.0,0.14285714285714285,0.9999999999999998,0.0,0.0,,,,0.022151898734177212
2020-06-21,46,1.0,45.28571428571428,0.0,0.14285714285714285,0.9999999999999998,0.0,0.0,1530.814266694137,,0.0031645569620252223,0.022082018927444793
2020-06-22,46,1.0,45.42857142857142,0.0,0.14285714285714285,0.9999999999999998,0.0,0.0,766.6182226048029,,0.006309148264984077,0.0220125786163522
2020-06-23,46,1.0,45.57142857142856,0.0,0.14285714285714285,0.9999999999999998,0.0,0.0,511.8853602532162,,0.00943396226415083,0.0219435736677116
2020-06-24,46,1.0,45.71428571428571,0.0,0.14285714285714285,0.9999999999999998,0.0,0.0,384.51829633175953,,0.0125391849529779,0.021875
2020-06-25,46,1.0,45.85714285714285,0.0,0.14285714285714285,0.9999999999999998,0.0,0.0,308.09755415983255,,0.015624999999999889,0.021806853582554516
2020-06-26,46,1.0,45.99999999999999,0.0,0.14285714285714285,0.9999999999999998,0.0,0.0,257.1499748282724,,0.01869158878504651,0.021739130434782608
2020-06-27,46,1.0,45.99999999999999,0.0,0.0,0.9999999999999998,0.0,0.0,257.95867045591376,1.0,0.01863354037267073,0.021739130434782608
2020-06-28,46,1.0,45.99999999999999,0.0,0.0,0.9999999999999998,0.0,0.0,310.0384061264777,0.0,0.01552795031055898,0.021739130434782608
2020-06-29,46,1.0,45.99999999999999,0.0,0.0,0.9999999999999998,0.0,0.0,388.15736686272885,0.0,0.012422360248447117,0.021739130434782608
2020-06-30,46,1.0,45.99999999999999,0.0,0.0,0.9999999999999998,0.0,0.0,518.3547817716466,0.0,0.009316770186335477,0.021739130434782608
2020-07-01,46,1.0,45.99999999999999,0.0,0.0,0.9999999999999998,0.0,0.0,778.7483381260548,0.0,0.006211180124223614,0.021739130434782608
2020-07-02,46,1.0,45.99999999999999,0.0,0.0,0.9999999999999998,0.0,0.0,1559.9264721949964,0.0,0.0031055900621118626,0.021739130434782608
2020-07-03,46,1.0,45.99999999999999,0.0,0.0,0.9999999999999998,0.0,0.0,,0.0,,0.021739130434782608
2020-07-04,46,1.0,45.99999999999999,0.0,0.0,0.9999999999999998,0.0,0.0,,,,0.021739130434782608
2020-07-05,46,1.0,45.99999999999999,0.0,0.0,0.9999999999999998,0.0,0.0,,,,0.021739130434782608
2020-07-06,46,1.0,45.99999999999999,0.0,0.0,0.9999999999999998,0.0,0.0,,,,0.021739130434782608
2020-07-07,46,1.0,45.99999999999999,0.0,0.0,0.9999999999999998,0.0,0.0,,,,0.021739130434782608
2020-07-08,46,1.0,45.99999999999999,0.0,0.0,0.9999999999999998,0.0,0.0,,,,0.021739130434782608
2020-07-09,46,1.0,45.99999999999999,0.0,0.0,0.9999999999999998,0.0,0.0,,,,0.021739130434782608
2020-07-10,46,1.0,45.99999999999999,0.0,0.0,0.9999999999999998,0.0,0.0,,,,0.021739130434782608
2020-07-11,47,1.0,45.99999999999999,1.0,0.0,0.9999999999999998,0.0,0.0,,,,0.021739130434782608
2020-07-12,48,1.0,46.14285714285714,1.0,0.14285714285714285,0.9999999999999998,0.0,0.0,,,,0.021671826625386994
2020-07-13,50,1.0,46.42857142857142,2.0,0.2857142857142857,0.9999999999999998,0.0,0.0,1564.778506358596,,0.003095975232198178,0.021538461538461538
2020-07-14,50,1.0,47.0,0.0,0.5714285714285714,0.9999999999999998,0.0,0.0,523.2068471341742,,0.009230769230769265,0.021276595744680847
2020-07-15,50,1.0,47.57142857142857,0.0,0.5714285714285714,0.9999999999999998,0.0,0.0,225.61071160940963,,0.021276595744680993,0.021021021021021016
2020-07-16,52,1.0,48.14285714285714,2.0,0.5714285714285714,0.9999999999999998,0.0,0.0,144.44459199886217,,0.03303303303303318,0.020771513353115723
2020-07-17,55,1.0,49.0,3.0,0.8571428571428571,0.9999999999999998,0.0,0.0,106.564522128746,,0.04451038575667665,0.020408163265306117
2020-07-18,55,1.0,50.285714285714285,0.0,1.2857142857142856,0.9999999999999998,0.0,0.0,76.7982687161187,,0.061224489795918546,0.019886363636363633
2020-07-19,56,1.0,51.42857142857142,1.0,1.1428571428571428,0.9999999999999998,0.0,0.0,56.43283353832679,4.803986656673092,0.08238636363636365,0.01944444444444444
2020-07-20,57,1.0,52.57142857142856,1.0,1.1428571428571428,0.9999999999999998,0.0,0.0,47.43923407083968,2.6918003852647123,0.09722222222222221,0.01902173913043478
2020-07-21,58,1.0,53.57142857142857,1.0,0.9999999999999998,0.9999999999999998,0.0,0.0,43.31195846556093,1.640670712015276,0.10597826086956508,0.018666666666666665
2020-07-22,58,1.0,54.714285714285715,0.0,1.1428571428571426,0.9999999999999998,0.0,0.0,40.84766650093192,1.4914153416386176,0.11199999999999999,0.018276762402088767
2020-07-23,59,1.0,55.857142857142854,1.0,1.1428571428571426,0.9999999999999998,0.0,0.0,37.920689267151175,1.6406707120152757,0.1201044386422977,0.017902813299232732
2020-07-24,61,1.0,56.857142857142854,2.0,0.9999999999999998,0.9999999999999998,0.0,0.0,37.04487111888753,1.2281232542619902,0.12276214833759591,0.01758793969849246
2020-07-25,63,1.0,57.714285714285715,2.0,0.8571428571428571,0.9999999999999998,0.0,0.0,39.50494615865009,0.8356793384586046,0.11557788944723613,0.01732673267326732
2020-07-26,65,1.0,58.857142857142854,2.0,1.1428571428571428,0.9999999999999998,0.0,0.0,42.0778305834134,0.8142505212971679,0.10891089108910901,0.016990291262135918
2020-07-27,70,1.0,60.14285714285714,5.0,1.2857142857142856,0.9999999999999998,0.0,0.0,42.960975732247476,1.0,0.10679611650485443,0.016627078384798096
2020-07-28,74,1.0,62.0,4.0,1.857142857142857,0.9999999999999998,0.0,0.0,41.933835699605446,1.196631236383661,0.10926365795724458,0.016129032258064512
2020-07-29,77,1.0,64.28571428571429,3.0,2.2857142857142856,0.9999999999999998,0.0,0.0,38.8132783543372,1.4145214796673065,0.11751152073732718,0.01555555555555555
2020-07-30,90,1.0,67.0,13.0,2.714285714285714,0.9999999999999998,0.0,0.0,34.52418868288833,1.6406707120152761,0.1311111111111113,0.014925373134328354
2020-07-31,91,1.0,71.42857142857143,1.0,4.428571428571428,0.9999999999999998,0.0,0.0,29.5583777404424,2.04058162731969,0.15138592750533053,0.013999999999999997
2020-08-01,101,1.0,75.71428571428571,10.0,4.285714285714286,0.9999999999999998,0.0,0.0,22.758839391922706,3.231737152901476,0.19200000000000006,0.01320754716981132
2020-08-02,112,1.0,81.14285714285714,11.0,5.428571428571428,0.9999999999999998,0.0,0.0,19.26527618430124,2.5705279717154044,0.22264150943396221,0.012323943661971828
2020-08-03,124,1.0,87.85714285714285,12.0,6.7142857142857135,0.9999999999999998,0.0,0.0,16.201052415041136,2.7977896695540405,0.2588028169014085,0.01138211382113821
2020-08-04,144,1.0,95.57142857142856,20.0,7.7142857142857135,0.9999999999999998,0.0,0.0,13.919507170846375,2.5042736837610287,0.2943089430894308,0.01046337817638266
2020-08-05,155,1.0,105.57142857142856,11.0,10.0,0.9999999999999998,0.0,0.0,12.236025034003069,2.384176551000859,0.32735426008968593,0.009472259810554802
2020-08-06,179,1.0,116.7142857142857,24.0,11.14285714285714,0.9999999999999998,0.0,0.0,10.670952257180934,2.5382344964236827,0.365358592692828,0.008567931456548347
2020-08-07,189,1.0,129.42857142857142,10.0,12.714285714285714,0.9999999999999998,0.0,0.0,9.881311565092055,1.9330264296585882,0.3880048959608322,0.007726269315673288
2020-08-08,212,1.0,143.42857142857142,23.0,14.0,0.9999999999999998,0.0,0.0,9.049555085229317,2.1743768860789894,0.41501103752759383,0.00697211155378486
2020-08-09,229,1.0,159.28571428571428,17.0,15.857142857142858,0.9999999999999998,0.0,0.0,8.517924520709517,1.9673765251359798,0.43426294820717126,0.006278026905829595
2020-08-10,238,1.0,176.0,9.0,16.71428571428571,0.9999999999999998,0.0,0.0,8.154845182817153,1.847520951066991,0.4484304932735427,0.00568181818181818
2020-08-11,249,1.0,192.28571428571428,11.0,16.285714285714285,0.9999999999999998,0.0,0.0,7.946200679181466,1.737206722832498,0.45698051948051954,0.005200594353640415
2020-08-12,249,1.0,207.28571428571428,0.0,15.000000000000002,0.9999999999999998,0.0,0.0,8.092184871008238,1.4167413819870742,0.45096582466567614,0.004824259131633355
