date,npatients,ndeaths,Cases Total(Ave7),Cases Day,Cases Day(Ave7),Deaths Total(Ave7),Deaths Day,Deaths Day(Ave7),Td7,R0,K,CFR
2020-03-18,1,0.0,,,,,,,,,,
2020-03-19,1,0.0,,0.0,,,0.0,,,,,
2020-03-20,1,0.0,,0.0,,,0.0,,,,,
2020-03-21,1,0.0,,0.0,,,0.0,,,,,
2020-03-22,1,0.0,,0.0,,,0.0,,,,,
2020-03-23,1,0.0,,0.0,,,0.0,,,,,
2020-03-24,1,0.0,,0.0,,,0.0,,,,,
2020-03-25,1,0.0,0.9999999999999998,0.0,,0.0,0.0,,,,,0.0
2020-03-26,2,0.0,0.9999999999999998,1.0,0.0,0.0,0.0,0.0,,,,0.0
2020-03-27,2,0.0,1.1428571428571428,0.0,0.14285714285714285,0.0,0.0,0.0,,,,0.0
2020-03-28,2,0.0,1.2857142857142856,0.0,0.14285714285714285,0.0,0.0,0.0,,,,0.0
2020-03-29,2,0.0,1.4285714285714284,0.0,0.14285714285714285,0.0,0.0,0.0,,,,0.0
2020-03-30,6,0.0,1.5714285714285712,4.0,0.14285714285714285,0.0,0.0,0.0,,,,0.0
2020-03-31,7,0.0,2.2857142857142856,1.0,0.7142857142857142,0.0,0.0,0.0,,,,0.0
2020-04-01,7,0.0,3.142857142857143,0.0,0.857142857142857,0.0,0.0,0.0,5.869306912394012,1.8048630117397293,0.5625,0.0
2020-04-02,12,0.0,4.0,5.0,0.857142857142857,0.0,0.0,0.0,4.237091422263961,2.265853809930127,0.6818181818181819,0.0
2020-04-03,13,0.0,5.428571428571429,1.0,1.4285714285714284,0.0,0.0,0.0,3.8730632896557853,2.446921470476737,0.7142857142857143,0.0
2020-04-04,20,0.0,6.999999999999999,7.0,1.5714285714285712,0.0,0.0,0.0,3.3686196044385293,2.797789669554041,0.7631578947368421,0.0
2020-04-05,23,0.0,9.57142857142857,3.0,2.571428571428571,0.0,0.0,0.0,3.0530598921408165,3.1116962753399937,0.7959183673469388,0.0
2020-04-06,26,0.0,12.57142857142857,3.0,2.9999999999999996,0.0,0.0,0.0,2.685431364546759,3.6348561378890016,0.835820895522388,0.0
2020-04-07,27,0.0,15.428571428571425,1.0,2.8571428571428568,0.0,0.0,0.0,2.846186064680467,3.3793291340401024,0.8181818181818181,0.0
2020-04-08,34,0.0,18.285714285714285,7.0,2.8571428571428568,0.0,0.0,0.0,3.0495031728716695,3.11581882000347,0.7962962962962963,0.0
2020-04-09,36,0.0,22.142857142857142,2.0,3.8571428571428568,0.0,0.0,0.0,3.192491147071045,2.961185882561056,0.78125,0.0
2020-04-10,37,0.0,25.57142857142857,1.0,3.4285714285714284,0.0,0.0,0.0,3.4513414492425314,2.7296425968157316,0.7548387096774194,0.0
2020-04-11,46,0.0,28.999999999999996,9.0,3.4285714285714284,0.0,0.0,0.0,3.745106082995777,2.5228871346916186,0.7262569832402235,0.0
2020-04-12,52,0.0,32.714285714285715,6.0,3.714285714285714,0.0,0.0,0.0,4.377060701774486,2.207355641720228,0.6699507389162562,0.0
2020-04-13,54,0.0,36.857142857142854,2.0,4.142857142857142,0.0,0.0,0.0,5.073301342743688,1.9800701589888887,0.6157205240174672,0.0
2020-04-14,64,0.0,40.85714285714286,10.0,3.9999999999999996,0.0,0.0,0.0,5.57174122830812,1.8626873476769703,0.5813953488372093,0.0
2020-04-15,65,0.0,46.14285714285714,1.0,5.285714285714285,0.0,0.0,0.0,6.035152156999507,1.7758128251754315,0.5524475524475525,0.0
2020-04-16,75,0.0,50.57142857142856,10.0,4.428571428571428,0.0,0.0,0.0,6.608349870809035,1.6895259801991727,0.5201238390092879,0.0
2020-04-17,79,0.0,56.14285714285714,4.0,5.571428571428571,0.0,0.0,0.0,7.115341298927814,1.6275557709074817,0.49435028248587565,0.0
2020-04-18,83,0.0,62.14285714285714,4.0,5.999999999999999,0.0,0.0,0.0,7.3448434474274125,1.6029725313980603,0.48346055979643765,0.0
2020-04-19,83,0.0,67.42857142857143,0.0,5.285714285714285,0.0,0.0,0.0,7.562108112697112,1.58138789625683,0.4735632183908045,0.0
2020-04-20,84,0.0,71.85714285714285,1.0,4.428571428571428,0.0,0.0,0.0,8.032904669264376,1.53947650843031,0.4533898305084746,0.0
2020-04-21,84,0.0,76.14285714285714,0.0,4.285714285714286,0.0,0.0,0.0,8.593773226879565,1.4967327149115477,0.4314115308151092,0.0
2020-04-22,84,0.0,79.0,0.0,2.8571428571428563,0.0,0.0,0.0,9.687222179972263,1.430127560629489,0.39399624765478425,0.0
2020-04-23,84,0.0,81.71428571428571,0.0,2.714285714285714,0.0,0.0,0.0,10.87750173736977,1.375221849417434,0.35985533453887897,0.0
2020-04-24,84,0.0,83.0,0.0,1.2857142857142856,0.0,0.0,0.0,12.927392655078329,1.3074679626927543,0.3129370629370629,0.0
2020-04-25,85,0.0,83.71428571428571,1.0,0.7142857142857142,0.0,0.0,0.0,16.765552985092732,1.2296353490700531,0.25129087779690196,0.0
2020-04-26,85,0.0,84.0,0.0,0.2857142857142857,0.0,0.0,0.0,22.42771670623548,1.1671082937595347,0.19453924914675758,0.0
2020-04-27,86,0.0,84.28571428571428,1.0,0.2857142857142857,0.0,0.0,0.0,31.07551169122548,1.1179831128755464,0.1445578231292518,0.0
2020-04-28,87,0.0,84.57142857142856,1.0,0.2857142857142857,0.0,0.0,0.0,47.755680359785266,1.0752704629545244,0.09661016949152534,0.0
2020-04-29,88,0.0,84.99999999999999,1.0,0.42857142857142855,0.0,0.0,0.0,71.19776325035704,1.0498818092957738,0.06587837837837818,0.0
2020-04-30,88,0.0,85.57142857142856,0.0,0.5714285714285714,0.0,0.0,0.0,123.07795873457597,1.0285590758057777,0.03865546218487381,0.0
2020-05-01,88,0.0,86.14285714285714,0.0,0.5714285714285714,0.0,0.0,0.0,159.02643332611277,1.0220326700438436,0.03005008347245386,0.0
2020-05-02,88,0.0,86.71428571428571,0.0,0.5714285714285714,0.0,0.0,0.0,169.6667896652399,1.0206367726204488,0.028192371475953548,0.0
2020-05-03,88,0.0,87.14285714285714,0.0,0.42857142857142855,0.0,0.0,0.0,152.5707248908613,1.0229755662317042,0.0313014827018121,0.0
2020-05-04,88,0.0,87.57142857142857,0.0,0.42857142857142855,0.0,0.0,0.0,145.5474290572383,1.0240974916373684,0.032786885245901676,0.0
2020-05-05,88,0.0,87.85714285714285,0.0,0.2857142857142857,0.0,0.0,0.0,139.19296458691178,1.0252113500090538,0.03425774877650911,0.0
2020-05-06,88,0.0,88.0,0.0,0.14285714285714285,0.0,0.0,0.0,146.7605480350609,1.0238959412851198,0.0325203252032521,0.0
2020-05-07,88,0.0,88.0,0.0,0.0,0.0,0.0,0.0,173.377413209927,1.0201906756395696,0.02759740259740273,0.0
2020-05-08,88,0.0,88.0,0.0,0.0,0.0,0.0,0.0,227.47694843427445,1.0153522003452558,0.02110389610389618,0.0
2020-05-09,88,1.0,88.0,0.0,0.0,0.0,1.0,0.0,329.66254964627984,1.0105684358803546,0.01461038961038963,0.0
2020-05-10,88,1.0,88.0,0.0,0.0,0.14285714285714285,0.0,0.14285714285714285,495.7118009948425,1.0070159302439414,0.009740259740259827,0.0016233766233766233
2020-05-11,88,1.0,88.0,0.0,0.0,0.2857142857142857,0.0,0.14285714285714285,993.8555584148601,1.0034932497945568,0.004870129870129913,0.0032467532467532465
2020-05-12,88,1.0,88.0,0.0,0.0,0.42857142857142855,0.0,0.14285714285714285,2986.4239705196783,1.001161170585001,0.0016233766233767488,0.00487012987012987
2020-05-13,88,1.0,88.0,0.0,0.0,0.5714285714285714,0.0,0.14285714285714285,,,,0.006493506493506493
2020-05-14,88,1.0,88.0,0.0,0.0,0.7142857142857142,0.0,0.14285714285714285,,,,0.008116883116883116
2020-05-15,88,1.0,88.0,0.0,0.0,0.857142857142857,0.0,0.14285714285714285,,,,0.009740259740259738
2020-05-16,88,1.0,88.0,0.0,0.0,0.9999999999999998,0.0,0.14285714285714285,,,,0.01136363636363636
2020-05-17,88,1.0,88.0,0.0,0.0,0.9999999999999998,0.0,0.0,,,,0.01136363636363636
2020-05-18,88,1.0,88.0,0.0,0.0,0.9999999999999998,0.0,0.0,,,,0.01136363636363636
2020-05-19,88,1.0,88.0,0.0,0.0,0.9999999999999998,0.0,0.0,,,,0.01136363636363636
2020-05-20,88,1.0,88.0,0.0,0.0,0.9999999999999998,0.0,0.0,,,,0.01136363636363636
2020-05-21,88,1.0,88.0,0.0,0.0,0.9999999999999998,0.0,0.0,,,,0.01136363636363636
2020-05-22,88,1.0,88.0,0.0,0.0,0.9999999999999998,0.0,0.0,,,,0.01136363636363636
2020-05-23,88,1.0,88.0,0.0,0.0,0.9999999999999998,0.0,0.0,,,,0.01136363636363636
2020-05-24,88,1.0,88.0,0.0,0.0,0.9999999999999998,0.0,0.0,,,,0.01136363636363636
2020-05-25,88,1.0,88.0,0.0,0.0,0.9999999999999998,0.0,0.0,,,,0.01136363636363636
2020-05-26,88,1.0,88.0,0.0,0.0,0.9999999999999998,0.0,0.0,,,,0.01136363636363636
2020-05-27,88,1.0,88.0,0.0,0.0,0.9999999999999998,0.0,0.0,,,,0.01136363636363636
2020-05-28,88,1.0,88.0,0.0,0.0,0.9999999999999998,0.0,0.0,,,,0.01136363636363636
2020-05-29,88,1.0,88.0,0.0,0.0,0.9999999999999998,0.0,0.0,,,,0.01136363636363636
2020-05-30,88,1.0,88.0,0.0,0.0,0.9999999999999998,0.0,0.0,,,,0.01136363636363636
2020-05-31,88,1.0,88.0,0.0,0.0,0.9999999999999998,0.0,0.0,,,,0.01136363636363636
2020-06-01,88,1.0,88.0,0.0,0.0,0.9999999999999998,0.0,0.0,,,,0.01136363636363636
2020-06-02,88,1.0,88.0,0.0,0.0,0.9999999999999998,0.0,0.0,,,,0.01136363636363636
2020-06-03,88,1.0,88.0,0.0,0.0,0.9999999999999998,0.0,0.0,,,,0.01136363636363636
2020-06-04,88,1.0,88.0,0.0,0.0,0.9999999999999998,0.0,0.0,,,,0.01136363636363636
2020-06-05,88,1.0,88.0,0.0,0.0,0.9999999999999998,0.0,0.0,,,,0.01136363636363636
2020-06-06,88,1.0,88.0,0.0,0.0,0.9999999999999998,0.0,0.0,,,,0.01136363636363636
2020-06-07,88,1.0,88.0,0.0,0.0,0.9999999999999998,0.0,0.0,,,,0.01136363636363636
2020-06-08,88,1.0,88.0,0.0,0.0,0.9999999999999998,0.0,0.0,,,,0.01136363636363636
2020-06-09,88,1.0,88.0,0.0,0.0,0.9999999999999998,0.0,0.0,,,,0.01136363636363636
2020-06-10,88,1.0,88.0,0.0,0.0,0.9999999999999998,0.0,0.0,,,,0.01136363636363636
2020-06-11,88,1.0,88.0,0.0,0.0,0.9999999999999998,0.0,0.0,,,,0.01136363636363636
2020-06-12,88,1.0,88.0,0.0,0.0,0.9999999999999998,0.0,0.0,,,,0.01136363636363636
2020-06-13,88,1.0,88.0,0.0,0.0,0.9999999999999998,0.0,0.0,,,,0.01136363636363636
2020-06-14,88,1.0,88.0,0.0,0.0,0.9999999999999998,0.0,0.0,,,,0.01136363636363636
2020-06-15,88,1.0,88.0,0.0,0.0,0.9999999999999998,0.0,0.0,,,,0.01136363636363636
2020-06-16,88,1.0,88.0,0.0,0.0,0.9999999999999998,0.0,0.0,,,,0.01136363636363636
2020-06-17,88,1.0,88.0,0.0,0.0,0.9999999999999998,0.0,0.0,,,,0.01136363636363636
2020-06-18,88,1.0,88.0,0.0,0.0,0.9999999999999998,0.0,0.0,,,,0.01136363636363636
2020-06-19,89,1.0,88.0,1.0,0.0,0.9999999999999998,0.0,0.0,,,,0.01136363636363636
2020-06-20,89,1.0,88.14285714285714,0.0,0.14285714285714285,0.9999999999999998,0.0,0.0,,,,0.011345218800648297
2020-06-21,89,1.0,88.28571428571428,0.0,0.14285714285714285,0.9999999999999998,0.0,0.0,2991.276001849278,1.0011592860044671,0.0016207455429496642,0.011326860841423947
2020-06-22,89,1.0,88.42857142857142,0.0,0.14285714285714285,0.9999999999999998,0.0,0.0,1496.8500257673018,1.0023180353021914,0.003236245954692518,0.011308562197092083
2020-06-23,90,1.0,88.57142857142857,1.0,0.14285714285714285,0.9999999999999998,0.0,0.0,998.7075982690111,1.0034762490095048,0.004846526655896466,0.011290322580645159
2020-06-24,90,1.0,88.85714285714286,0.0,0.2857142857142857,0.9999999999999998,0.0,0.0,749.6360587077127,1.0046339282386167,0.006451612903225823,0.011254019292604498
2020-06-25,91,1.0,89.14285714285715,1.0,0.2857142857142857,0.9999999999999998,0.0,0.0,500.5638696208186,1.006947687690601,0.009646302250803873,0.011217948717948715
2020-06-26,91,1.0,89.57142857142857,0.0,0.42857142857142855,0.9999999999999998,0.0,0.0,376.02712815901384,1.0092593224742252,0.012820512820512886,0.011164274322169057
2020-06-27,92,1.0,89.85714285714285,1.0,0.2857142857142857,0.9999999999999998,0.0,0.0,301.78978172732894,1.0115501341096698,0.01594896331738438,0.011128775834658187
2020-06-28,92,1.0,90.28571428571428,0.0,0.42857142857142855,0.9999999999999998,0.0,0.0,275.0147636528554,1.0126817392625513,0.01748807631160565,0.011075949367088606
2020-06-29,94,1.0,90.7142857142857,2.0,0.42857142857142855,0.9999999999999998,0.0,0.0,233.44889860895412,1.0149565473091255,0.020569620253164556,0.011023622047244094
2020-06-30,94,1.0,91.42857142857142,0.0,0.7142857142857142,0.9999999999999998,0.0,0.0,202.96693360681317,1.0172219895306294,0.023622047244094335,0.0109375
2020-07-01,94,1.0,92.0,0.0,0.5714285714285714,0.9999999999999998,0.0,0.0,170.0790817034425,1.0205862351933443,0.028124999999999845,0.010869565217391302
2020-07-02,95,1.0,92.57142857142857,1.0,0.5714285714285714,0.9999999999999998,0.0,0.0,153.7966034456412,1.0227903620008876,0.03105590062111785,0.010802469135802467
2020-07-03,95,1.0,93.14285714285714,0.0,0.5714285714285714,0.9999999999999998,0.0,0.0,147.28045560655065,1.0238105910182185,0.03240740740740744,0.010736196319018404
2020-07-04,97,1.0,93.71428571428571,2.0,0.5714285714285714,0.9999999999999998,0.0,0.0,135.10397423343306,1.0259842142160371,0.03527607361963192,0.010670731707317072
2020-07-05,98,1.0,94.42857142857143,1.0,0.7142857142857142,0.9999999999999998,0.0,0.0,130.181075602784,1.0269799674396594,0.03658536585365857,0.010590015128593038
2020-07-06,98,1.0,95.28571428571428,0.0,0.857142857142857,0.9999999999999998,0.0,0.0,120.91129840698876,1.0290782079761467,0.039334341906202996,0.010494752623688154
2020-07-07,98,1.0,95.85714285714285,0.0,0.5714285714285714,0.9999999999999998,0.0,0.0,117.42039543129974,1.029955524400586,0.040479760119940034,0.010432190760059612
2020-07-08,98,1.0,96.42857142857142,0.0,0.5714285714285714,0.9999999999999998,0.0,0.0,118.13931639479759,1.0297705472478103,0.04023845007451554,0.01037037037037037
2020-07-09,99,1.0,97.0,1.0,0.5714285714285714,0.9999999999999998,0.0,0.0,118.85823612837302,1.0295878407168422,0.039999999999999925,0.010309278350515462
2020-07-10,100,1.0,97.57142857142857,1.0,0.5714285714285714,0.9999999999999998,0.0,0.0,119.5771546542119,1.0294073632516818,0.0397643593519883,0.010248901903367495
2020-07-11,100,1.0,98.28571428571428,0.0,0.7142857142857142,0.9999999999999998,0.0,0.0,120.29607199397272,1.029229074304298,0.039531478770131856,0.010174418604651162
2020-07-12,104,1.0,98.7142857142857,4.0,0.42857142857142855,0.9999999999999998,0.0,0.0,121.19471703291156,1.0290092305308005,0.039244186046511476,0.010130246020260492
2020-07-13,106,1.0,99.57142857142856,2.0,0.8571428571428571,0.9999999999999998,0.0,0.0,137.25772999840183,1.025571318613622,0.03473227206946439,0.010043041606886656
2020-07-14,108,1.0,100.71428571428571,2.0,1.1428571428571428,0.9999999999999998,0.0,0.0,127.63034827847106,1.0275265241137965,0.03730272596843609,0.009929078014184396
2020-07-15,110,1.0,102.14285714285714,2.0,1.4285714285714284,0.9999999999999998,0.0,0.0,111.57911403432739,1.03154821417275,0.042553191489361764,0.009790209790209788
2020-07-16,112,1.0,103.85714285714285,2.0,1.714285714285714,0.9999999999999998,0.0,0.0,93.91980942084496,1.0375903055314641,0.05034965034965033,0.009628610729023383
2020-07-17,126,1.0,105.71428571428571,14.0,1.8571428571428568,0.9999999999999998,0.0,0.0,77.71751593585499,1.0456032722130866,0.06052269601100402,0.009459459459459458
2020-07-18,129,1.0,109.42857142857142,3.0,3.714285714285714,0.9999999999999998,0.0,0.0,66.59265000533748,1.0534219026490599,0.07027027027027033,0.009138381201044385
2020-07-19,132,1.0,113.57142857142857,3.0,4.142857142857142,0.9999999999999998,0.0,0.0,47.08773095281319,1.0763779725866962,0.0979112271540471,0.008805031446540879
2020-07-20,132,1.0,117.57142857142857,0.0,3.9999999999999996,0.9999999999999998,0.0,0.0,36.88166486624769,1.098525772614347,0.12327044025157241,0.008505467800729038
2020-07-21,136,1.0,121.28571428571429,4.0,3.714285714285714,0.9999999999999998,0.0,0.0,31.352290608218947,1.1168829363509802,0.14337788578371813,0.00824499411071849
2020-07-22,136,1.0,125.28571428571429,0.0,3.999999999999999,0.9999999999999998,0.0,0.0,28.246158277072272,1.1305424961217874,0.1578327444051827,0.007981755986316988
2020-07-23,138,1.0,129.0,2.0,3.7142857142857135,0.9999999999999998,0.0,0.0,25.86638739153052,1.1433769060457029,0.17103762827822133,0.007751937984496122
2020-07-24,140,1.0,132.71428571428572,2.0,3.7142857142857135,0.9999999999999998,0.0,0.0,24.37319820780295,1.152800901847588,0.18050941306755264,0.007534983853606026
2020-07-25,140,1.0,134.71428571428572,0.0,1.9999999999999996,0.9999999999999998,0.0,0.0,25.149621885814362,1.1477513635828818,0.17545748116254056,0.007423117709437962
2020-07-26,140,1.0,136.28571428571428,0.0,1.5714285714285712,0.9999999999999998,0.0,0.0,28.42028941393271,1.1296929094828614,0.15694591728525986,0.007337526205450732
2020-07-27,142,1.0,137.42857142857142,2.0,1.1428571428571428,0.9999999999999998,0.0,0.0,32.848915756163066,1.1112720345492655,0.13731656184486374,0.007276507276507275
2020-07-28,147,1.0,138.85714285714286,5.0,1.4285714285714284,0.9999999999999998,0.0,0.0,38.830138842008346,1.0933580719473937,0.11746361746361733,0.007201646090534978
2020-07-29,149,1.0,140.42857142857142,2.0,1.5714285714285712,0.9999999999999998,0.0,0.0,47.17633743553618,1.0762291860063755,0.09773662551440332,0.007121057985757883
