date,npatients,ndeaths,Cases Total(Ave7),Cases Day,Cases Day(Ave7),Deaths Total(Ave7),Deaths Day,Deaths Day(Ave7),Td7,R0,K,CFR
2020-03-18,3,0.0,,,,,,,,,,
2020-03-19,3,0.0,,0.0,,,0.0,,,,,
2020-03-20,3,0.0,,0.0,,,0.0,,,,,
2020-03-21,3,0.0,,0.0,,,0.0,,,,,
2020-03-22,3,0.0,,0.0,,,0.0,,,,,
2020-03-23,3,0.0,,0.0,,,0.0,,,,,
2020-03-24,4,0.0,,1.0,,,0.0,,,,,
2020-03-25,4,0.0,3.1428571428571423,0.0,,0.0,0.0,,,,,0.0
2020-03-26,4,0.0,3.2857142857142856,0.0,0.14285714285714285,0.0,0.0,0.0,,,,0.0
2020-03-27,5,0.0,3.428571428571428,1.0,0.14285714285714285,0.0,0.0,0.0,,,,0.0
2020-03-28,6,0.0,3.7142857142857144,1.0,0.2857142857142857,0.0,0.0,0.0,,,,0.0
2020-03-29,8,0.0,4.142857142857142,2.0,0.42857142857142855,0.0,0.0,0.0,,,,0.0
2020-03-30,8,0.0,4.857142857142857,0.0,0.7142857142857142,0.0,0.0,0.0,,,,0.0
2020-03-31,8,0.0,5.571428571428571,0.0,0.7142857142857142,0.0,0.0,0.0,,,,0.0
2020-04-01,9,0.0,6.142857142857142,1.0,0.5714285714285714,0.0,0.0,0.0,8.474877917075457,,0.435897435897436,0.0
2020-04-02,9,0.0,6.857142857142857,0.0,0.7142857142857142,0.0,0.0,0.0,7.754490193789888,(2.6918003852647123+0j),0.4651162790697674,0.0
2020-04-03,10,0.0,7.571428571428571,1.0,0.7142857142857142,0.0,0.0,0.0,6.999999999999997,(3.156925177794596+0j),0.5,0.0
2020-04-04,11,0.0,8.285714285714285,1.0,0.7142857142857142,0.0,0.0,0.0,6.812779794174436,(1.924167448516752+0j),0.5094339622641508,0.0
2020-04-05,12,0.0,8.999999999999998,1.0,0.7142857142857142,0.0,0.0,0.0,7.0,(1.440334596888557+0j),0.5,0.0
2020-04-06,14,0.0,9.57142857142857,2.0,0.5714285714285714,0.0,0.0,0.0,7.866785364811227,(1+0j),0.46031746031746024,0.0
2020-04-07,14,0.0,10.428571428571427,0.0,0.8571428571428571,0.0,0.0,0.0,8.966461917116147,(0.8526652466135367+0j),0.4179104477611939,0.0
2020-04-08,19,0.0,11.285714285714285,5.0,0.8571428571428571,0.0,0.0,0.0,9.16758577612201,(1.335916982535434+0j),0.410958904109589,0.0
2020-04-09,21,0.0,12.714285714285714,2.0,1.4285714285714284,0.0,0.0,0.0,9.738205763104254,(1.1390899833687878+0j),0.3924050632911392,0.0
2020-04-10,28,0.0,14.428571428571429,7.0,1.714285714285714,0.0,0.0,0.0,9.360629222654474,(1.640670712015276+0j),0.4044943820224719,0.0
2020-04-11,28,0.0,17.0,0.0,2.571428571428571,0.0,0.0,0.0,8.747479767713003,(1.8688715740631374+0j),0.4257425742574258,0.0
2020-04-12,29,0.0,19.42857142857143,1.0,2.4285714285714284,0.0,0.0,0.0,7.629113150760714,(2.4966572739686734+0j),0.47058823529411775,0.0
2020-04-13,34,0.0,21.857142857142858,5.0,2.4285714285714284,0.0,0.0,0.0,6.853515356077697,(2.8109248554292323+0j),0.5073529411764708,0.0
2020-04-14,35,0.0,24.71428571428571,1.0,2.8571428571428568,0.0,0.0,0.0,6.5569883360924495,(2.1041164175444376+0j),0.5228758169934642,0.0
2020-04-15,36,0.0,27.71428571428571,1.0,2.9999999999999996,0.0,0.0,0.0,6.19004784212365,(2.363114788617384+0j),0.5433526011560694,0.0
2020-04-16,45,0.0,30.142857142857142,9.0,2.428571428571428,0.0,0.0,0.0,6.226764100223827,(1.6988562767030877+0j),0.5412371134020618,0.0
2020-04-17,47,0.0,33.57142857142857,2.0,3.4285714285714284,0.0,0.0,0.0,6.585832125801058,(1.2824733215112372+0j),0.5213270142180095,0.0
2020-04-18,47,0.0,36.285714285714285,0.0,2.7142857142857135,0.0,0.0,0.0,7.13049386144499,(1.2281232542619904+0j),0.4936170212765957,0.0
2020-04-19,52,0.0,39.0,5.0,2.7142857142857135,0.0,0.0,0.0,7.767232934690851,(1.0826880480181873+0j),0.4645669291338582,0.0
2020-04-20,52,0.0,42.285714285714285,0.0,3.2857142857142856,0.0,0.0,0.0,8.379527491440278,(1.0826880480181873+0j),0.43956043956043955,0.0
2020-04-21,54,0.0,44.85714285714286,2.0,2.571428571428571,0.0,0.0,0.0,9.03429645834521,(1.104983009506624+0j),0.41554054054054057,0.0
2020-04-22,56,0.0,47.57142857142858,2.0,2.7142857142857135,0.0,0.0,0.0,10.076177242902052,(0.8957377232472763+0j),0.38216560509554154,0.0
2020-04-23,59,0.0,50.42857142857142,3.0,2.8571428571428568,0.0,0.0,0.0,10.633786135232247,(1.0826880480181875+0j),0.36636636636636644,0.0
2020-04-24,67,0.0,52.42857142857142,8.0,1.9999999999999998,0.0,0.0,0.0,11.924891716069832,(0.8778937701151249+0j),0.3342776203966006,0.0
2020-04-25,66,0.0,55.285714285714285,-1.0,2.8571428571428568,0.0,0.0,0.0,13.183876736250793,(0.8040211134167183+0j),0.3079019073569482,0.0
2020-04-26,66,0.0,58.0,0.0,2.714285714285714,0.0,0.0,0.0,13.904542114097284,(1.0373175138837436+0j),0.2945736434108527,0.0
2020-04-27,66,0.0,60.0,0.0,2.0,0.0,0.0,0.0,15.3548320200113,(0.8724342147992287+0j),0.270935960591133,0.0
2020-04-28,66,0.0,62.00000000000001,0.0,2.0,0.0,0.0,0.0,16.68157010951317,(0.8356793384586048+0j),0.25238095238095226,0.0
2020-04-29,66,0.0,63.71428571428572,0.0,1.7142857142857142,0.0,0.0,0.0,18.316318698251997,(0.8040211134167184+0j),0.23271889400921664,0.0
2020-04-30,66,0.0,65.14285714285715,0.0,1.4285714285714286,0.0,0.0,0.0,20.74839295406301,(0.6942831215470505+0j),0.20852017937219747,0.0
2020-05-01,66,0.0,66.14285714285715,0.0,1.0,0.0,0.0,0.0,22.346100396269698,(0.7863625668958899+0j),0.19517543859649145,0.0
2020-05-02,69,0.0,66.0,3.0,-0.14285714285714285,0.0,0.0,0.0,27.060604418878675,(0.47242657258050985+0j),0.16414686825054015,0.0
2020-05-03,70,0.0,66.42857142857143,1.0,0.42857142857142855,0.0,0.0,0.0,37.55100414137243,(-0.07610863361105838+0.09543720790196981j),0.12121212121212122,0.0
2020-05-04,72,0.0,67.0,2.0,0.5714285714285714,0.0,0.0,0.0,47.67048363982696,(0.3327652853274962+0j),0.09677419354838712,0.0
2020-05-05,72,0.0,67.85714285714286,0.0,0.8571428571428571,0.0,0.0,0.0,62.55983397303462,(0.4086767851218244+0j),0.07462686567164167,0.0
2020-05-06,73,0.0,68.71428571428571,1.0,0.8571428571428571,0.0,0.0,0.0,77.02142456612658,(0.6095068271022377+0j),0.06105263157894736,0.0
2020-05-07,73,0.0,69.71428571428571,0.0,1.0,0.0,0.0,0.0,90.90546696229632,(0.6942831215470504+0j),0.0519750519750517,0.0
2020-05-08,74,,70.71428571428571,1.0,1.0,0.0,,0.0,92.26435324357092,(1+0j),0.05122950819672112,0.0
2020-05-09,74,,71.85714285714286,0.0,1.1428571428571428,,,,70.32654474799297,,0.06666666666666654,
2020-05-10,74,,72.57142857142857,0.0,0.7142857142857142,,,,61.76778492824081,(2.0149458540125376+0j),0.07554671968190863,
2020-05-11,75,,73.14285714285714,1.0,0.5714285714285714,,,,60.742494951491445,(1.1727931963588538+0j),0.07677165354330706,
2020-05-12,75,,73.57142857142857,0.0,0.42857142857142855,,,,64.68526652803001,(0.7485495079957005+0j),0.07226562499999989,
2020-05-13,76,,74.0,1.0,0.42857142857142855,,,,71.04035884646619,(0.6095068271022377+0j),0.06601941747572826,
2020-05-14,76,,74.42857142857143,0.0,0.42857142857142855,,,,81.3282529116074,(0.5459582576122296+0j),0.05791505791505802,
2020-05-15,76,,74.85714285714286,0.0,0.42857142857142855,,,,94.78050872507283,(0.5459582576122296+0j),0.0499040307101728,
2020-05-16,76,,75.14285714285714,0.0,0.2857142857142857,,,,118.62715491820374,(0.49629125170217986+0j),0.040076335877862634,
2020-05-17,76,,75.42857142857143,0.0,0.2857142857142857,,,,139.34701287420185,(0.5197052890437638+0j),0.034220532319391594,
2020-05-18,76,,75.71428571428571,0.0,0.2857142857142857,,,,157.6785416888121,(0.6095068271022377+0j),0.030303030303030387,
2020-05-19,76,,75.85714285714285,0.0,0.14285714285714285,,,,169.0007791607878,(0.7485495079957005+0j),0.028301886792452824,
2020-05-20,76,,76.0,0.0,0.14285714285714285,,,,195.75073741343897,(0.4562460355474005+0j),0.024482109227871862,
2020-05-21,76,,76.0,0.0,0.0,,,,232.22736426907008,(0.4562460355474005+0j),0.020676691729323293,
2020-05-22,76,,76.0,0.0,0.0,,,,320.22787102409274,0j,0.015037593984962405,
2020-05-23,76,,76.0,0.0,0.0,,,,427.78274885630117,0j,0.011278195488721887,
2020-05-24,76,,76.0,0.0,0.0,,,,642.8909583664009,0j,0.007518796992481147,
2020-05-25,76,,76.0,0.0,0.0,,,,1288.212512146976,0j,0.003759398496240629,
2020-05-26,76,,76.0,0.0,0.0,,,,2578.8533245279773,0j,0.001879699248120481,
2020-05-27,76,,76.0,0.0,0.0,,,,,0j,,
2020-05-28,76,,76.0,0.0,0.0,,,,,,,
2020-05-29,76,,76.0,0.0,0.0,,,,,,,
2020-05-30,76,,76.0,0.0,0.0,,,,,,,
2020-05-31,76,,76.0,0.0,0.0,,,,,,,
2020-06-01,76,,76.0,0.0,0.0,,,,,,,
2020-06-02,76,,76.0,0.0,0.0,,,,,,,
2020-06-03,76,,76.0,0.0,0.0,,,,,,,
2020-06-04,76,,76.0,0.0,0.0,,,,,,,
2020-06-05,76,,76.0,0.0,0.0,,,,,,,
2020-06-06,76,,76.0,0.0,0.0,,,,,,,
2020-06-07,76,,76.0,0.0,0.0,,,,,,,
2020-06-08,76,,76.0,0.0,0.0,,,,,,,
2020-06-09,76,,76.0,0.0,0.0,,,,,,,
2020-06-10,76,,76.0,0.0,0.0,,,,,,,
2020-06-11,76,,76.0,0.0,0.0,,,,,,,
2020-06-12,76,,76.0,0.0,0.0,,,,,,,
2020-06-13,76,,76.0,0.0,0.0,,,,,,,
2020-06-14,76,,76.0,0.0,0.0,,,,,,,
2020-06-15,76,,76.0,0.0,0.0,,,,,,,
2020-06-16,76,,76.0,0.0,0.0,,,,,,,
2020-06-17,76,,76.0,0.0,0.0,,,,,,,
2020-06-18,76,,76.0,0.0,0.0,,,,,,,
2020-06-19,77,,76.0,1.0,0.0,,,,,,,
2020-06-20,77,,76.14285714285714,0.0,0.14285714285714285,,,,,,,
2020-06-21,77,,76.28571428571428,0.0,0.14285714285714285,,,,2583.7053562209144,,0.0018761726078798668,
2020-06-22,77,,76.42857142857142,0.0,0.14285714285714285,,,,1293.06454812547,,0.0037453183520598232,
2020-06-23,77,,76.57142857142857,0.0,0.14285714285714285,,,,862.850441583603,,0.005607476635513864,
2020-06-24,77,,76.71428571428571,0.0,0.14285714285714285,,,,647.743011488936,,0.007462686567164201,
2020-06-25,77,,76.85714285714286,0.0,0.14285714285714285,,,,518.6782528162413,,0.009310986964618184,
2020-06-26,77,,77.0,0.0,0.14285714285714285,,,,432.6348305537536,,0.01115241635687736,
2020-06-27,77,,77.0,0.0,0.0,,,,433.44351072470363,(1+0j),0.011131725417439786,
2020-06-28,77,,77.0,0.0,0.0,,,,520.6190790222337,0j,0.00927643784786647,
2020-06-29,77,,77.0,0.0,0.0,,,,651.3820511073575,0j,0.007421150278293265,
2020-06-30,77,,77.0,0.0,0.0,,,,869.3198321893001,0j,0.005565862708719838,
2020-07-01,77,,77.0,0.0,0.0,,,,1305.1946378856858,0j,0.0037105751391466324,
2020-07-02,77,,77.0,0.0,0.0,,,,2612.817546264798,0j,0.0018552875695732052,
2020-07-03,77,,77.0,0.0,0.0,,,,,0j,,
2020-07-04,77,,77.0,0.0,0.0,,,,,,,
2020-07-05,77,,77.0,0.0,0.0,,,,,,,
2020-07-06,77,,77.0,0.0,0.0,,,,,,,
2020-07-07,77,,77.0,0.0,0.0,,,,,,,
2020-07-08,77,,77.0,0.0,0.0,,,,,,,
2020-07-09,77,,77.0,0.0,0.0,,,,,,,
2020-07-10,77,,77.0,0.0,0.0,,,,,,,
2020-07-11,77,,77.0,0.0,0.0,,,,,,,
2020-07-12,78,,77.0,1.0,0.0,,,,,,,
2020-07-13,79,,77.14285714285714,1.0,0.14285714285714285,,,,,,,
2020-07-14,79,,77.42857142857142,0.0,0.2857142857142857,,,,2617.669577920522,,0.0018518518518517713,
2020-07-15,80,,77.7142857142857,1.0,0.2857142857142857,,,,874.1718749792976,,0.0055350553505533195,
2020-07-16,81,,78.14285714285714,1.0,0.42857142857142855,,,,525.4711440815477,,0.00919117647058798,
2020-07-17,83,,78.71428571428571,2.0,0.5714285714285714,,,,329.3255970113294,,0.014625228519195566,
2020-07-18,84,,79.57142857142857,1.0,0.8571428571428571,,,,220.3541380574312,,0.02177858439201441,
2020-07-19,84,,80.57142857142857,0.0,1.0,,,,147.70408375252072,,0.032315978456014305,
2020-07-20,84,,81.42857142857142,0.0,0.857142857142857,,,,111.57911403432739,(4.014592391212534+0j),0.042553191489361764,
2020-07-21,86,,82.14285714285714,2.0,0.7142857142857142,,,,96.32709241665785,(2.1917998669297094+0j),0.0491228070175439,
2020-07-22,86,,83.14285714285714,0.0,0.9999999999999999,,,,87.54891294140046,(1.924167448516752+0j),0.05391304347826109,
2020-07-23,86,,84.0,0.0,0.8571428571428571,,,,78.23124071782414,(1.8316418628294773+0j),0.06013745704467355,
2020-07-24,87,,84.7142857142857,1.0,0.7142857142857142,,,,74.65564847625062,(1.335916982535434+0j),0.06292517006802734,
2020-07-25,88,,85.28571428571429,1.0,0.5714285714285714,,,,77.47238404498415,(0.8778937701151249+0j),0.06070826306913979,
2020-07-26,92,,85.85714285714285,4.0,0.5714285714285714,,,,85.32863282397037,(0.6705040320299376+0j),0.05527638190954787,
2020-07-27,92,,86.99999999999999,0.0,1.1428571428571428,,,,91.61935309662348,(0.7485495079957006+0j),0.05158069883527461,
2020-07-28,98,,88.14285714285712,6.0,1.1428571428571428,,,,84.4591822007993,(1.398942897272112+0j),0.05582922824302128,
2020-07-29,102,,89.85714285714285,4.0,1.7142857142857142,,,,83.08473565292148,(1.1000763276396712+0j),0.056726094003241356,
2020-07-30,103,,92.14285714285714,1.0,2.2857142857142856,,,,71.9839777333207,(1.640670712015276+0j),0.06518282988871216,
2020-07-31,105,,94.57142857142856,2.0,2.4285714285714284,,,,57.72383897558652,(2.295204639336149+0j),0.08062015503875986,
2020-08-01,111,,97.14285714285714,6.0,2.5714285714285707,,,,46.948266896570175,(2.8109248554292323+0j),0.09818731117824753,
2020-08-02,117,,100.42857142857143,6.0,3.2857142857142856,,,,39.28837407472925,(2.928062664550303+0j),0.11617647058823533,
2020-08-03,119,,104.0,2.0,3.571428571428571,,,,33.80295926839425,(2.1261723380567226+0j),0.13371266002844961,
2020-08-04,122,,107.85714285714285,3.0,3.8571428571428568,,,,29.329449873477916,(2.2566504922756216+0j),0.1524725274725276,
2020-08-05,125,,111.28571428571428,3.0,3.428571428571428,,,,26.57387299681299,(1.7846741842265792+0j),0.16688741721854305,
2020-08-06,126,,114.57142857142857,1.0,3.285714285714285,,,,25.70465947920974,(1.3359169825354338+0j),0.17201540436456997,
2020-08-07,127,,117.85714285714286,1.0,3.285714285714285,,,,25.291665322872966,(1.2409967762066094+0j),0.174563591022444,
2020-08-08,127,,121.0,0.0,3.1428571428571423,,,,25.10225826303335,(1.1913504195042401+0j),0.17575757575757578,
2020-08-09,131,,123.28571428571428,4.0,2.2857142857142856,,,,26.038055411209605,(0.9687475193593575+0j),0.17001180637544278,
2020-08-10,132,,125.28571428571428,1.0,1.9999999999999998,,,,28.522287698876653,(0.7270380227825233+0j),0.15643105446118188,
2020-08-11,134,,127.14285714285714,2.0,1.857142857142857,,,,32.3923812067748,(0.625547357645361+0j),0.1391106043329533,
2020-08-12,139,,128.85714285714286,5.0,1.714285714285714,,,,36.423805123176976,(0.6453698172948515+0j),0.12471910112359552,
2020-08-13,140,,130.85714285714283,1.0,1.9999999999999998,,,,41.29179692526379,(0.628320178295817+0j),0.11086474501108656,
2020-08-14,145,,132.85714285714286,5.0,1.9999999999999998,,,,46.37190244340284,(0.7014555287657164+0j),0.09934497816593868,
2020-08-15,148,,135.42857142857142,3.0,2.571428571428571,,,,51.90231371750603,(0.7240849806042299+0j),0.08924731182795698,
2020-08-16,148,,138.42857142857142,0.0,2.9999999999999996,,,,51.65041533942115,(1.0877710994392167+0j),0.08966244725738393,
2020-08-17,149,,140.85714285714286,1.0,2.4285714285714284,,,,48.63819212341731,(1.335916982535434+0j),0.09494324045407632,
2020-08-18,150,,143.28571428571428,1.0,2.4285714285714284,,,,47.36696817888779,(1.2112066974468625+0j),0.09736308316430031,
2020-08-19,152,,145.57142857142856,2.0,2.2857142857142856,,,,45.71510153836002,(1.2824733215112372+0j),0.10069790628115649,
2020-08-20,154,,147.42857142857142,2.0,1.8571428571428568,,,,45.5330313708285,(1.1000763276396712+0j),0.10107948969578029,
2020-08-21,163,,149.42857142857142,9.0,1.9999999999999996,,,,46.62304321706252,(0.9484423555098823+0j),0.09883720930232542,
2020-08-22,169,,152.0,6.0,2.571428571428571,,,,49.322211579522346,(0.8356793384586046+0j),0.09369024856596564,
2020-08-23,172,,155.0,3.0,3.0,,,,51.87891339714225,(0.8957377232472763+0j),0.08928571428571441,
2020-08-24,183,,158.4285714285714,11.0,3.4285714285714284,,,,50.711595631128546,(1.1629211435612306+0j),0.09124423963133643,
2020-08-25,185,,163.28571428571425,2.0,4.857142857142857,,,,48.2965931152532,(1.2793020209433652+0j),0.09558160504959401,
2020-08-26,194,,168.28571428571428,9.0,4.999999999999999,,,,42.25232614715318,(1.7132778898554877+0j),0.10848643919510048,
2020-08-27,200,,174.28571428571428,6.0,5.999999999999999,,,,36.669071939879565,(2.0287658362561425+0j),0.12393887945670634,
2020-08-28,219,,180.85714285714283,19.0,6.57142857142857,,,,31.531773530321868,(2.19179986692971+0j),0.14262295081967213,
