date,npatients,ndeaths,Cases Total(Ave7),Cases Day,Cases Day(Ave7),Deaths Total(Ave7),Deaths Day,Deaths Day(Ave7),Td7,R0,K,CFR
2020-03-18,0,0.0,,,,,,,,,,
2020-03-19,0,0.0,,0.0,,,0.0,,,,,
2020-03-20,0,0.0,,0.0,,,0.0,,,,,
2020-03-21,0,0.0,,0.0,,,0.0,,,,,
2020-03-22,1,0.0,,1.0,,,0.0,,,,,
2020-03-23,1,0.0,,0.0,,,0.0,,,,,
2020-03-24,1,0.0,,0.0,,,0.0,,,,,
2020-03-25,1,0.0,0.42857142857142855,0.0,,0.0,0.0,,,,,0.0
2020-03-26,1,0.0,0.5714285714285714,0.0,0.14285714285714285,0.0,0.0,0.0,,,,0.0
2020-03-27,2,0.0,0.7142857142857142,1.0,0.14285714285714285,0.0,0.0,0.0,,,,0.0
2020-03-28,3,0.0,0.9999999999999999,1.0,0.2857142857142857,0.0,0.0,0.0,,,,0.0
2020-03-29,3,0.0,1.4285714285714284,0.0,0.42857142857142855,0.0,0.0,0.0,,,,0.0
2020-03-30,4,0.0,1.7142857142857142,1.0,0.2857142857142857,0.0,0.0,0.0,,,,0.0
2020-03-31,4,0.0,2.142857142857143,0.0,0.42857142857142855,0.0,0.0,0.0,,,,0.0
2020-04-01,4,0.0,2.571428571428571,0.0,0.42857142857142855,0.0,0.0,0.0,3.0147359065137516,,0.8,0.0
2020-04-02,7,0.0,3.0,3.0,0.42857142857142855,0.0,0.0,0.0,3.225917944328591,2.1917998669297094,0.7777777777777778,0.0
2020-04-03,9,0.0,3.8571428571428568,2.0,0.8571428571428571,0.0,0.0,0.0,3.3810066086117225,2.1917998669297094,0.761904761904762,0.0
2020-04-04,10,0.0,4.857142857142857,1.0,0.9999999999999999,0.0,0.0,0.0,3.594291603388474,2.1917998669297094,0.7407407407407407,0.0
2020-04-05,11,0.0,5.857142857142858,1.0,1.0,0.0,0.0,0.0,3.9648044392329767,1.8316418628294773,0.7058823529411764,0.0
2020-04-06,11,0.0,7.0,0.0,1.1428571428571428,0.0,0.0,0.0,3.9490248501477274,2.446921470476737,0.7073170731707317,0.0
2020-04-07,12,0.0,7.999999999999999,1.0,0.9999999999999998,0.0,0.0,0.0,4.098794416400197,2.0149458540125376,0.6938775510204082,0.0
2020-04-08,15,0.0,9.14285714285714,3.0,1.1428571428571426,0.0,0.0,0.0,4.2749921153081365,1.8316418628294773,0.6785714285714286,0.0
2020-04-09,16,0.0,10.714285714285714,1.0,1.5714285714285712,0.0,0.0,0.0,4.3540933385612615,2.014945854012537,0.671875,0.0
2020-04-10,16,0.0,12.0,0.0,1.2857142857142856,0.0,0.0,0.0,4.749204070998535,1.541805520215627,0.64,0.0
2020-04-11,16,0.0,13.0,0.0,1.0,0.0,0.0,0.0,5.364582459296468,1.196631236383661,0.5952380952380953,0.0
2020-04-12,16,0.0,13.857142857142854,0.0,0.857142857142857,0.0,0.0,0.0,6.085672521142969,1.0,0.5494505494505494,0.0
2020-04-13,16,0.0,14.57142857142857,0.0,0.7142857142857142,0.0,0.0,0.0,7.105134691732844,0.8142505212971678,0.4948453608247422,0.0
2020-04-14,16,0.0,15.285714285714281,0.0,0.7142857142857142,0.0,0.0,0.0,8.09182679104526,0.7863625668958898,0.4509803921568627,0.0
2020-04-15,16,0.0,15.857142857142854,0.0,0.5714285714285714,0.0,0.0,0.0,9.440743995866695,0.7148254599597768,0.4018691588785046,0.0
2020-04-16,18,0.0,15.999999999999996,2.0,0.14285714285714285,0.0,0.0,0.0,12.376299420922422,0.4855018990274554,0.32432432432432423,0.0
2020-04-17,18,0.0,16.285714285714285,0.0,0.2857142857142857,0.0,0.0,0.0,16.865945877572475,0.2081604449527199,0.24999999999999978,0.0
2020-04-18,18,0.0,16.57142857142857,0.0,0.2857142857142857,0.0,0.0,0.0,21.53214275122572,0.4086767851218244,0.20175438596491224,0.0
2020-04-19,19,0.0,16.857142857142854,1.0,0.2857142857142857,0.0,0.0,0.0,27.124617742412468,0.45624603554740056,0.1637931034482759,0.0
2020-04-20,19,0.0,17.285714285714285,0.0,0.42857142857142855,0.0,0.0,0.0,33.298812392630445,0.5197052890437638,0.13559322033898302,0.0
2020-04-21,19,0.0,17.71428571428571,0.0,0.42857142857142855,0.0,0.0,0.0,39.45968398731102,0.6942831215470505,0.11570247933884314,0.0
2020-04-22,19,0.0,18.142857142857142,0.0,0.42857142857142855,0.0,0.0,0.0,43.810117328182706,0.8142505212971679,0.10483870967741937,0.0
2020-04-23,19,0.0,18.57142857142857,0.0,0.42857142857142855,0.0,0.0,0.0,38.60370089278483,2.1917998669297094,0.11811023622047256,0.0
2020-04-24,20,0.0,18.71428571428571,1.0,0.14285714285714285,0.0,0.0,0.0,36.943642167993225,1.335916982535434,0.12307692307692308,0.0
2020-04-25,21,0.0,18.999999999999996,1.0,0.2857142857142857,0.0,0.0,0.0,39.89922449727447,0.6095068271022377,0.1145038167938931,0.0
2020-04-26,22,0.0,19.428571428571427,1.0,0.42857142857142855,0.0,0.0,0.0,40.54694676885526,1.0,0.1127819548872181,0.0
2020-04-27,22,0.0,19.857142857142854,0.0,0.42857142857142855,0.0,0.0,0.0,41.518484236813705,1.0,0.11029411764705876,0.0
2020-04-28,22,0.0,20.285714285714285,0.0,0.42857142857142855,0.0,0.0,0.0,42.48996994330243,1.0,0.1079136690647482,0.0
2020-04-29,23,0.0,20.71428571428571,1.0,0.42857142857142855,0.0,0.0,0.0,43.461407363846426,1.0,0.10563380281690138,0.0
2020-04-30,23,0.0,21.285714285714285,0.0,0.5714285714285714,0.0,0.0,0.0,44.43279966938906,1.0,0.10344827586206895,0.0
2020-05-01,23,0.0,21.857142857142854,0.0,0.5714285714285714,0.0,0.0,0.0,37.68596971018896,2.6918003852647123,0.12080536912751683,0.0
2020-05-02,23,0.0,22.28571428571428,0.0,0.42857142857142855,0.0,0.0,0.0,34.63539198319733,1.640670712015276,0.1307189542483661,0.0
2020-05-03,23,0.0,22.57142857142857,0.0,0.2857142857142857,0.0,0.0,0.0,35.36436299059501,1.0,0.12820512820512808,0.0
2020-05-04,23,0.0,22.71428571428571,0.0,0.14285714285714285,0.0,0.0,0.0,37.87065727540388,0.7485495079957005,0.12025316455696211,0.0
2020-05-05,23,0.0,22.857142857142854,0.0,0.14285714285714285,0.0,0.0,0.0,42.909027109494275,0.4562460355474005,0.10691823899371067,0.0
2020-05-06,23,0.0,22.999999999999996,0.0,0.14285714285714285,0.0,0.0,0.0,49.28917792578483,0.4562460355474005,0.09375,0.0
2020-05-07,23,0.0,22.999999999999996,0.0,0.0,0.0,0.0,0.0,62.64074163640473,0.3714985722842371,0.07453416149068315,0.0
2020-05-08,23,,22.999999999999996,0.0,0.0,0.0,,0.0,95.20048726096707,0.0,0.0496894409937888,0.0
2020-05-09,24,,22.999999999999996,1.0,0.0,,,,153.79660344564016,0.0,0.03105590062111807,
2020-05-10,24,,23.14285714285714,0.0,0.14285714285714285,,,,257.95867045591376,0.0,0.01863354037267073,
2020-05-11,24,,23.28571428571428,0.0,0.14285714285714285,,,,259.5760612641215,1.0,0.01851851851851849,
2020-05-12,25,,23.428571428571423,1.0,0.14285714285714285,,,,261.19345148545466,1.0,0.018404907975460016,
2020-05-13,25,,23.714285714285715,0.0,0.2857142857142857,,,,262.8108411307503,1.0,0.018292682926829174,
2020-05-14,25,,24.0,0.0,0.2857142857142857,,,,158.64902384829273,,0.030120481927710996,
2020-05-15,25,,24.285714285714285,0.0,0.2857142857142857,,,,114.00550334348792,,0.04166666666666685,
2020-05-16,25,,24.57142857142857,0.0,0.2857142857142857,,,,89.20145301955428,,0.05294117647058838,
2020-05-17,25,,24.714285714285708,0.0,0.14285714285714285,,,,81.00468788923354,1.640670712015276,0.058139534883721034,
2020-05-18,25,,24.857142857142854,0.0,0.14285714285714285,,,,81.49003513587026,1.0,0.05780346820809246,
2020-05-19,25,,24.999999999999993,0.0,0.14285714285714285,,,,81.97538067455473,1.0,0.05747126436781613,
2020-05-20,25,,24.999999999999993,0.0,0.0,,,,91.89767056985684,0.6095068271022377,0.05142857142857116,
2020-05-21,25,,24.999999999999993,0.0,0.0,,,,118.85823612837363,0.0,0.0399999999999997,
2020-05-22,25,,24.999999999999993,0.0,0.0,,,,167.38332356885385,0.0,0.02857142857142836,
2020-05-23,25,,24.999999999999993,0.0,0.0,,,,280.6020920592543,0.0,0.017142857142856904,
2020-05-24,25,,24.999999999999993,0.0,0.0,,,,422.1219853815084,0.0,0.011428571428571344,
2020-05-25,25,,24.999999999999993,0.0,0.0,,,,846.6769639380068,0.0,0.005714285714285561,
2020-05-26,25,,24.999999999999993,0.0,0.0,,,,,0.0,,
2020-05-27,25,,24.999999999999993,0.0,0.0,,,,,,,
2020-05-28,25,,24.999999999999993,0.0,0.0,,,,,,,
2020-05-29,25,,24.999999999999993,0.0,0.0,,,,,,,
2020-05-30,25,,24.999999999999993,0.0,0.0,,,,,,,
2020-05-31,25,,24.999999999999993,0.0,0.0,,,,,,,
2020-06-01,25,,24.999999999999993,0.0,0.0,,,,,,,
2020-06-02,25,,24.999999999999993,0.0,0.0,,,,,,,
2020-06-03,25,,24.999999999999993,0.0,0.0,,,,,,,
2020-06-04,25,,24.999999999999993,0.0,0.0,,,,,,,
2020-06-05,25,,24.999999999999993,0.0,0.0,,,,,,,
2020-06-06,25,,24.999999999999993,0.0,0.0,,,,,,,
2020-06-07,25,,24.999999999999993,0.0,0.0,,,,,,,
2020-06-08,25,,24.999999999999993,0.0,0.0,,,,,,,
2020-06-09,25,,24.999999999999993,0.0,0.0,,,,,,,
2020-06-10,25,,24.999999999999993,0.0,0.0,,,,,,,
2020-06-11,25,,24.999999999999993,0.0,0.0,,,,,,,
2020-06-12,25,,24.999999999999993,0.0,0.0,,,,,,,
2020-06-13,25,,24.999999999999993,0.0,0.0,,,,,,,
2020-06-14,25,,24.999999999999993,0.0,0.0,,,,,,,
2020-06-15,25,,24.999999999999993,0.0,0.0,,,,,,,
2020-06-16,25,,24.999999999999993,0.0,0.0,,,,,,,
2020-06-17,25,,24.999999999999993,0.0,0.0,,,,,,,
2020-06-18,25,,24.999999999999993,0.0,0.0,,,,,,,
2020-06-19,25,,24.999999999999993,0.0,0.0,,,,,,,
2020-06-20,25,,24.999999999999993,0.0,0.0,,,,,,,
2020-06-21,25,,24.999999999999993,0.0,0.0,,,,,,,
2020-06-22,25,,24.999999999999993,0.0,0.0,,,,,,,
2020-06-23,25,,24.999999999999993,0.0,0.0,,,,,,,
2020-06-24,26,,24.999999999999993,1.0,0.0,,,,,,,
2020-06-25,26,,25.14285714285714,0.0,0.14285714285714285,,,,,,,
2020-06-26,26,,25.285714285714285,0.0,0.14285714285714285,,,,851.5290074048881,,0.005681818181818343,
2020-06-27,26,,25.42857142857143,0.0,0.14285714285714285,,,,426.97406845973666,,0.011299435028248817,
2020-06-28,26,,25.571428571428573,0.0,0.14285714285714285,,,,285.4542411641116,,0.016853932584270037,
2020-06-29,26,,25.714285714285715,0.0,0.14285714285714285,,,,214.69320133385798,,0.02234636871508411,
2020-06-30,26,,25.857142857142858,0.0,0.14285714285714285,,,,172.23568402416586,,0.027777777777778123,
2020-07-01,26,,26.0,0.0,0.14285714285714285,,,,143.9299341652402,,0.03314917127071848,
2020-07-02,28,,26.0,2.0,0.0,,,,144.73868203443766,1.0,0.03296703296703307,
2020-07-03,28,,26.285714285714285,0.0,0.2857142857142857,,,,174.17662305486266,0.0,0.027472527472527486,
2020-07-04,28,,26.57142857142857,0.0,0.2857142857142857,,,,146.35617524767795,1.640670712015276,0.032608695652173836,
2020-07-05,28,,26.857142857142854,0.0,0.2857142857142857,,,,126.48385015826852,1.640670712015276,0.03763440860215039,
2020-07-06,28,,27.142857142857142,0.0,0.2857142857142857,,,,111.57911403432793,1.640670712015276,0.04255319148936154,
2020-07-07,28,,27.428571428571427,0.0,0.2857142857142857,,,,99.98611443158292,1.640670712015276,0.047368421052631504,
2020-07-08,28,,27.714285714285715,0.0,0.2857142857142857,,,,90.711339573327,1.640670712015276,0.05208333333333326,
2020-07-09,28,,28.0,0.0,0.2857142857142857,,,,75.98932511599706,,0.061855670103092786,
2020-07-10,28,,28.0,0.0,0.0,,,,76.7982687161187,1.0,0.061224489795918435,
2020-07-11,28,,28.0,0.0,0.0,,,,92.65260475439199,0.0,0.05102040816326536,
2020-07-12,28,,28.0,0.0,0.0,,,,116.43187705639978,0.0,0.0408163265306124,
2020-07-13,28,,28.0,0.0,0.0,,,,156.0610693194849,0.0,0.030612244897959218,
2020-07-14,28,,28.0,0.0,0.0,,,,235.31513074204796,0.0,0.020408163265306145,
2020-07-15,30,,28.0,2.0,0.0,,,,473.06880366866744,0.0,0.010204081632653073,
2020-07-16,32,,28.285714285714285,2.0,0.2857142857142857,,,,,0.0,,
2020-07-17,34,,28.857142857142854,2.0,0.5714285714285714,,,,477.9208760353391,,0.010101010101010055,
2020-07-18,36,,29.71428571428571,2.0,0.8571428571428571,,,,160.91347865026748,,0.02970297029702962,
2020-07-19,41,,30.857142857142854,5.0,1.1428571428571428,,,,81.65181717036637,,0.0576923076923076,
2020-07-20,43,,32.71428571428571,2.0,1.857142857142857,,,,49.93663111128629,,0.09259259259259245,
2020-07-21,44,,34.857142857142854,1.0,2.142857142857143,,,,31.181242023034326,,0.14410480349344967,
2020-07-22,44,,37.142857142857146,0.0,2.2857142857142856,,,,22.149971585174544,,0.19672131147540972,
2020-07-23,45,,39.14285714285714,1.0,1.9999999999999996,,,,17.81119755770195,4.41635805469525,0.2384615384615385,
2020-07-24,49,,41.0,4.0,1.8571428571428568,,,,15.915580117615926,2.4469214704767364,0.26277372262773724,
2020-07-25,59,,43.14285714285714,10.0,2.1428571428571423,,,,15.071031649543466,1.737206722832498,0.2752613240418119,
2020-07-26,61,,46.42857142857143,2.0,3.2857142857142856,,,,14.477250161942678,1.5667543480178066,0.2847682119205298,
2020-07-27,64,,49.285714285714285,3.0,2.8571428571428568,,,,13.858858068326644,1.5031036068514108,0.2953846153846156,
2020-07-28,66,,52.28571428571429,2.0,2.9999999999999996,,,,14.007978549482678,1.2281232542619904,0.2927536231884058,
2020-07-29,71,,55.42857142857143,5.0,3.142857142857142,,,,14.189226812050975,1.214385719399838,0.2896174863387978,
2020-07-30,76,,59.28571428571428,5.0,3.857142857142856,,,,13.947536085637166,1.381053366368028,0.2938144329896908,
2020-07-31,79,,63.714285714285715,3.0,4.428571428571428,,,,13.156396105645191,1.685500422066135,0.3084337349397589,
2020-08-01,86,,68.0,7.0,4.285714285714286,,,,12.444551509727974,1.679550891162132,0.3228699551569507,
2020-08-02,88,,71.85714285714286,2.0,3.8571428571428563,,,,12.715208181905924,1.208993234323053,0.3172268907563025,
2020-08-03,91,,75.71428571428571,3.0,3.8571428571428563,,,,12.868545062327414,1.239069163569265,0.31411530815109345,
2020-08-04,94,,79.57142857142857,3.0,3.8571428571428563,,,,13.104964691785577,1.1966312363836609,0.30943396226415076,
2020-08-05,101,,83.57142857142857,7.0,3.999999999999999,,,,13.419713468888231,1.1575222431276457,0.3034111310592459,
2020-08-06,103,,87.85714285714285,2.0,4.285714285714285,,,,14.132127242932194,1.026317228667289,0.2905982905982907,
2020-08-07,107,,91.71428571428571,4.0,3.8571428571428568,,,,15.10108992197391,0.9768508478359036,0.27479674796747955,
2020-08-08,110,,95.7142857142857,3.0,4.0,,,,16.218280490941364,0.9275046127624176,0.25856697819314634,
2020-08-09,111,,99.14285714285712,1.0,3.4285714285714284,,,,16.924454495799257,1.026317228667289,0.24925373134328344,
2020-08-10,113,,102.42857142857143,2.0,3.2857142857142856,,,,17.997481750448685,0.9193110577358917,0.2363112391930835,
2020-08-11,115,,105.57142857142857,2.0,3.1428571428571423,,,,19.21515473410055,0.8917847703703704,0.22315202231520226,
2020-08-12,117,,108.57142857142857,2.0,2.9999999999999996,,,,20.763027024918685,0.8417614553938411,0.20838971583220567,
2020-08-13,119,,110.85714285714285,2.0,2.285714285714285,,,,22.919783421956996,0.7750964412106015,0.19078947368421062,
2020-08-14,123,,113.14285714285714,4.0,2.285714285714285,,,,25.595707637639492,0.6881498399632086,0.17268041237113396,
2020-08-15,125,,115.42857142857142,2.0,2.2857142857142856,,,,29.004803579580166,0.6705040320299375,0.1540404040404042,
2020-08-16,126,,117.57142857142857,1.0,2.142857142857143,,,,31.9023416203184,0.7485495079957005,0.1410891089108911,
