date,npatients,ndeaths,Cases Total(Ave7),Cases Day,Cases Day(Ave7),Deaths Total(Ave7),Deaths Day,Deaths Day(Ave7),Td7,R0,K,CFR
2020-03-18,1,0.0,,,,,,,,,,
2020-03-19,1,0.0,,0.0,,,0.0,,,,,
2020-03-20,1,0.0,,0.0,,,0.0,,,,,
2020-03-21,1,0.0,,0.0,,,0.0,,,,,
2020-03-22,1,0.0,,0.0,,,0.0,,,,,
2020-03-23,1,0.0,,0.0,,,0.0,,,,,
2020-03-24,1,0.0,,0.0,,,0.0,,,,,
2020-03-25,1,0.0,0.9999999999999998,0.0,,0.0,0.0,,,,,0.0
2020-03-26,1,0.0,0.9999999999999998,0.0,0.0,0.0,0.0,0.0,,,,0.0
2020-03-27,1,0.0,0.9999999999999998,0.0,0.0,0.0,0.0,0.0,,,,0.0
2020-03-28,1,0.0,0.9999999999999998,0.0,0.0,0.0,0.0,0.0,,,,0.0
2020-03-29,1,0.0,0.9999999999999998,0.0,0.0,0.0,0.0,0.0,,,,0.0
2020-03-30,1,0.0,0.9999999999999998,0.0,0.0,0.0,0.0,0.0,,,,0.0
2020-03-31,2,0.0,0.9999999999999998,1.0,0.0,0.0,0.0,0.0,,,,0.0
2020-04-01,4,0.0,1.1428571428571428,2.0,0.14285714285714285,0.0,0.0,0.0,,,,0.0
2020-04-02,4,0.0,1.5714285714285712,0.0,0.42857142857142855,0.0,0.0,0.0,36.33625148779098,,0.1250000000000001,0.0
2020-04-03,5,0.0,1.9999999999999998,1.0,0.42857142857142855,0.0,0.0,0.0,10.734933538825668,,0.36363636363636365,0.0
2020-04-04,6,0.0,2.571428571428571,1.0,0.5714285714285714,0.0,0.0,0.0,6.999999999999997,,0.5,0.0
2020-04-05,8,0.0,3.2857142857142856,2.0,0.7142857142857142,0.0,0.0,0.0,5.137350442306034,,0.6111111111111112,0.0
2020-04-06,8,0.0,4.285714285714286,0.0,0.9999999999999999,0.0,0.0,0.0,4.078761979950263,,0.6956521739130435,0.0
2020-04-07,9,0.0,5.285714285714285,1.0,0.9999999999999999,0.0,0.0,0.0,3.3340705224412783,,0.7666666666666667,0.0
2020-04-08,11,0.0,6.285714285714286,2.0,1.0,0.0,0.0,0.0,3.1682044567649696,4.014592391212534,0.7837837837837838,0.0
2020-04-09,11,0.0,7.285714285714286,0.0,0.9999999999999999,0.0,0.0,0.0,3.4999999999999996,1.8316418628294775,0.75,0.0
2020-04-10,12,0.0,8.285714285714285,1.0,0.9999999999999999,0.0,0.0,0.0,3.75320949024712,1.8316418628294773,0.7254901960784315,0.0
2020-04-11,12,0.0,9.285714285714285,0.0,1.0,0.0,0.0,0.0,4.14678187582986,1.4914153416386176,0.6896551724137931,0.0
2020-04-12,13,0.0,10.14285714285714,1.0,0.857142857142857,0.0,0.0,0.0,4.670384738250578,1.271678030081504,0.6461538461538461,0.0
2020-04-13,13,0.0,10.857142857142858,0.0,0.7142857142857142,0.0,0.0,0.0,5.632186712957084,0.8957377232472762,0.5774647887323943,0.0
2020-04-14,15,0.0,11.571428571428571,2.0,0.7142857142857142,0.0,0.0,0.0,6.740658893368499,0.7863625668958898,0.5131578947368423,0.0
2020-04-15,17,0.0,12.428571428571429,2.0,0.8571428571428571,0.0,0.0,0.0,7.950765369335538,0.7863625668958897,0.45679012345679015,0.0
2020-04-16,15,0.0,13.285714285714285,-2.0,0.8571428571428571,0.0,0.0,0.0,9.084795685573573,0.8957377232472763,0.4137931034482759,0.0
2020-04-17,16,0.0,13.857142857142856,1.0,0.5714285714285714,0.0,0.0,0.0,10.276318217915668,0.8957377232472763,0.3763440860215054,0.0
2020-04-18,16,0.0,14.428571428571427,0.0,0.5714285714285714,0.0,0.0,0.0,12.120267072849895,0.6705040320299376,0.3298969072164949,0.0
2020-04-19,17,0.0,14.999999999999996,1.0,0.5714285714285714,0.0,0.0,0.0,13.76694318417358,0.7485495079957006,0.29702970297029707,0.0
2020-04-20,17,0.0,15.571428571428571,0.0,0.5714285714285714,0.0,0.0,0.0,15.011215386527203,0.8526652466135367,0.276190476190476,0.0
2020-04-21,17,0.0,16.142857142857142,0.0,0.5714285714285714,0.0,0.0,0.0,16.342374734472124,0.8526652466135367,0.25688073394495414,0.0
2020-04-22,18,0.0,16.428571428571427,1.0,0.2857142857142857,0.0,0.0,0.0,18.55604952448653,0.7485495079957005,0.23008849557522115,0.0
2020-04-23,21,0.0,16.57142857142857,3.0,0.14285714285714285,0.0,0.0,0.0,22.85108108379583,0.4562460355474005,0.19130434782608696,0.0
2020-04-24,32,0.0,17.42857142857143,11.0,0.8571428571428571,0.0,0.0,0.0,27.124617742412497,0.3714985722842371,0.1637931034482758,0.0
2020-04-25,36,0.0,19.714285714285715,4.0,2.2857142857142856,0.0,0.0,0.0,25.685636340273945,1.335916982535434,0.1721311475409838,0.0
2020-04-26,36,0.0,22.57142857142857,0.0,2.8571428571428568,0.0,0.0,0.0,17.753928261460413,2.6918003852647123,0.23913043478260887,0.0
2020-04-27,36,0.0,25.28571428571428,0.0,2.7142857142857144,0.0,0.0,0.0,13.069542092087266,3.156925177794596,0.310126582278481,0.0
2020-04-28,37,0.0,28.0,1.0,2.7142857142857144,0.0,0.0,0.0,10.812036659192092,3.0433547448504816,0.3615819209039547,0.0
2020-04-29,38,0.0,30.857142857142854,1.0,2.857142857142857,0.0,0.0,0.0,9.100129848641837,4.993142996148908,0.41326530612244905,0.0
2020-04-30,41,0.0,33.71428571428571,3.0,2.8571428571428568,0.0,0.0,0.0,7.8046038746375626,8.497812409839364,0.462962962962963,0.0
2020-05-01,42,0.0,36.57142857142857,1.0,2.8571428571428568,0.0,0.0,0.0,7.35366950028179,2.363114788617384,0.48305084745762694,0.0
2020-05-02,42,0.0,38.0,0.0,1.4285714285714284,0.0,0.0,0.0,7.852150351429384,1.1727931963588538,0.4609374999999999,0.0
2020-05-03,44,0.0,38.857142857142854,2.0,0.857142857142857,0.0,0.0,0.0,9.314683011458408,0.6095068271022377,0.40601503759398505,0.0
2020-05-04,45,0.0,39.99999999999999,1.0,1.1428571428571428,0.0,0.0,0.0,11.292921935010714,0.43896196616443633,0.34926470588235303,0.0
2020-05-05,45,0.0,41.285714285714285,0.0,1.2857142857142856,0.0,0.0,0.0,13.603507469123128,0.5390993983831094,0.2999999999999998,0.0
2020-05-06,45,0.0,42.42857142857143,0.0,1.1428571428571428,0.0,0.0,0.0,16.665151711638067,0.5653203936475107,0.25259515570934266,0.0
2020-05-07,45,0.0,43.42857142857143,0.0,1.0,0.0,0.0,0.0,21.104929184766313,0.5197052890437638,0.20538720538720556,0.0
2020-05-08,45,0.0,44.0,0.0,0.5714285714285714,0.0,0.0,0.0,28.23405882942799,0.47242657258050985,0.1578947368421053,0.0
2020-05-09,45,0.0,44.42857142857142,0.0,0.42857142857142855,0.0,0.0,0.0,33.09628431840062,0.5197052890437638,0.13636363636363635,0.0
2020-05-10,45,0.0,44.857142857142854,0.0,0.42857142857142855,0.0,0.0,0.0,36.21165484803198,0.6095068271022378,0.12540192926045013,0.0
2020-05-11,45,0.0,45.0,0.0,0.14285714285714285,0.0,0.0,0.0,42.33758330650297,0.49629125170217986,0.10828025477707015,0.0
2020-05-12,45,0.0,45.0,0.0,0.0,0.0,0.0,0.0,56.32337009168436,0.2081604449527199,0.08253968253968258,0.0
2020-05-13,46,0.0,45.0,1.0,0.0,0.0,0.0,0.0,82.46072453545624,0.0,0.05714285714285705,0.0
2020-05-14,46,0.0,45.14285714285714,0.0,0.14285714285714285,0.0,0.0,0.0,136.5041160902395,0.0,0.03492063492063491,0.0
2020-05-15,46,0.0,45.28571428571428,0.0,0.14285714285714285,0.0,0.0,0.0,189.21881225237215,0.3714985722842371,0.025316455696202445,0.0
2020-05-16,47,0.0,45.42857142857142,1.0,0.14285714285714285,0.0,0.0,0.0,253.91519079420823,0.4562460355474005,0.018927444794952564,0.0
2020-05-17,47,0.0,45.71428571428571,0.0,0.2857142857142857,0.0,0.0,0.0,383.3052726195922,0.4562460355474005,0.012578616352201255,0.0
2020-05-18,47,0.0,46.0,0.0,0.2857142857142857,0.0,0.0,0.0,308.09755415983255,1.640670712015276,0.015624999999999889,0.0
2020-05-19,47,0.0,46.285714285714285,0.0,0.2857142857142857,0.0,0.0,0.0,220.75849021984516,,0.021739130434782594,0.0
2020-05-20,47,0.0,46.57142857142858,0.0,0.2857142857142857,0.0,0.0,0.0,172.23568402416848,,0.02777777777777779,0.0
2020-05-21,47,0.0,46.714285714285715,0.0,0.14285714285714285,0.0,0.0,0.0,155.73757452419133,1.640670712015276,0.030674846625767027,0.0
2020-05-22,47,0.0,46.85714285714286,0.0,0.14285714285714285,0.0,0.0,0.0,156.22281667657785,1.0,0.03058103975535187,0.0
2020-05-23,47,0.0,47.0,0.0,0.14285714285714285,0.0,0.0,0.0,156.7080585866521,1.0,0.03048780487804892,0.0
2020-05-24,47,0.0,47.0,0.0,0.0,0.0,0.0,0.0,174.93143191724116,0.6095068271022377,0.02735562310030404,0.0
2020-05-25,47,0.0,47.0,0.0,0.0,0.0,0.0,0.0,225.61071160940963,0.0,0.021276595744680882,0.0
2020-05-26,47,0.0,47.0,0.0,0.0,0.0,0.0,0.0,316.8313841638564,0.0,0.015197568389057725,0.0
2020-05-27,47,0.0,47.0,0.0,0.0,0.0,0.0,0.0,529.6762666172787,0.0,0.009118541033434568,0.0
2020-05-28,47,0.0,47.0,0.0,0.0,0.0,0.0,0.0,795.7304978141686,0.0,0.006079027355623046,0.0
2020-05-29,47,0.0,47.0,0.0,0.0,0.0,0.0,0.0,1593.8907108419273,0.0,0.003039513677811412,0.0
2020-05-30,47,0.0,47.0,0.0,0.0,0.0,0.0,0.0,,0.0,,0.0
2020-05-31,47,0.0,47.0,0.0,0.0,0.0,0.0,0.0,,,,0.0
2020-06-01,47,0.0,47.0,0.0,0.0,0.0,0.0,0.0,,,,0.0
2020-06-02,47,0.0,47.0,0.0,0.0,0.0,0.0,0.0,,,,0.0
2020-06-03,47,0.0,47.0,0.0,0.0,0.0,0.0,0.0,,,,0.0
2020-06-04,47,0.0,47.0,0.0,0.0,0.0,0.0,0.0,,,,0.0
2020-06-05,47,0.0,47.0,0.0,0.0,0.0,0.0,0.0,,,,0.0
2020-06-06,47,0.0,47.0,0.0,0.0,0.0,0.0,0.0,,,,0.0
2020-06-07,47,0.0,47.0,0.0,0.0,0.0,0.0,0.0,,,,0.0
2020-06-08,47,0.0,47.0,0.0,0.0,0.0,0.0,0.0,,,,0.0
2020-06-09,47,0.0,47.0,0.0,0.0,0.0,0.0,0.0,,,,0.0
2020-06-10,47,0.0,47.0,0.0,0.0,0.0,0.0,0.0,,,,0.0
2020-06-11,47,0.0,47.0,0.0,0.0,0.0,0.0,0.0,,,,0.0
2020-06-12,47,0.0,47.0,0.0,0.0,0.0,0.0,0.0,,,,0.0
2020-06-13,47,0.0,47.0,0.0,0.0,0.0,0.0,0.0,,,,0.0
2020-06-14,47,0.0,47.0,0.0,0.0,0.0,0.0,0.0,,,,0.0
2020-06-15,47,0.0,47.0,0.0,0.0,0.0,0.0,0.0,,,,0.0
2020-06-16,47,0.0,47.0,0.0,0.0,0.0,0.0,0.0,,,,0.0
2020-06-17,47,0.0,47.0,0.0,0.0,0.0,0.0,0.0,,,,0.0
2020-06-18,47,0.0,47.0,0.0,0.0,0.0,0.0,0.0,,,,0.0
2020-06-19,47,0.0,47.0,0.0,0.0,0.0,0.0,0.0,,,,0.0
2020-06-20,47,0.0,47.0,0.0,0.0,0.0,0.0,0.0,,,,0.0
2020-06-21,47,0.0,47.0,0.0,0.0,0.0,0.0,0.0,,,,0.0
2020-06-22,47,0.0,47.0,0.0,0.0,0.0,0.0,0.0,,,,0.0
2020-06-23,47,0.0,47.0,0.0,0.0,0.0,0.0,0.0,,,,0.0
2020-06-24,47,0.0,47.0,0.0,0.0,0.0,0.0,0.0,,,,0.0
2020-06-25,47,0.0,47.0,0.0,0.0,0.0,0.0,0.0,,,,0.0
2020-06-26,47,0.0,47.0,0.0,0.0,0.0,0.0,0.0,,,,0.0
2020-06-27,47,0.0,47.0,0.0,0.0,0.0,0.0,0.0,,,,0.0
2020-06-28,47,0.0,47.0,0.0,0.0,0.0,0.0,0.0,,,,0.0
2020-06-29,47,0.0,47.0,0.0,0.0,0.0,0.0,0.0,,,,0.0
2020-06-30,47,0.0,47.0,0.0,0.0,0.0,0.0,0.0,,,,0.0
2020-07-01,47,0.0,47.0,0.0,0.0,0.0,0.0,0.0,,,,0.0
2020-07-02,47,0.0,47.0,0.0,0.0,0.0,0.0,0.0,,,,0.0
2020-07-03,47,0.0,47.0,0.0,0.0,0.0,0.0,0.0,,,,0.0
2020-07-04,47,0.0,47.0,0.0,0.0,0.0,0.0,0.0,,,,0.0
2020-07-05,47,0.0,47.0,0.0,0.0,0.0,0.0,0.0,,,,0.0
2020-07-06,47,0.0,47.0,0.0,0.0,0.0,0.0,0.0,,,,0.0
2020-07-07,47,0.0,47.0,0.0,0.0,0.0,0.0,0.0,,,,0.0
2020-07-08,47,0.0,47.0,0.0,0.0,0.0,0.0,0.0,,,,0.0
2020-07-09,47,0.0,47.0,0.0,0.0,0.0,0.0,0.0,,,,0.0
2020-07-10,47,0.0,47.0,0.0,0.0,0.0,0.0,0.0,,,,0.0
2020-07-11,47,0.0,47.0,0.0,0.0,0.0,0.0,0.0,,,,0.0
2020-07-12,47,0.0,47.0,0.0,0.0,0.0,0.0,0.0,,,,0.0
2020-07-13,47,0.0,47.0,0.0,0.0,0.0,0.0,0.0,,,,0.0
2020-07-14,47,0.0,47.0,0.0,0.0,0.0,0.0,0.0,,,,0.0
2020-07-15,47,0.0,47.0,0.0,0.0,0.0,0.0,0.0,,,,0.0
2020-07-16,47,0.0,47.0,0.0,0.0,0.0,0.0,0.0,,,,0.0
2020-07-17,47,0.0,47.0,0.0,0.0,0.0,0.0,0.0,,,,0.0
2020-07-18,47,0.0,47.0,0.0,0.0,0.0,0.0,0.0,,,,0.0
2020-07-19,47,0.0,47.0,0.0,0.0,0.0,0.0,0.0,,,,0.0
2020-07-20,48,0.0,47.0,1.0,0.0,0.0,0.0,0.0,,,,0.0
2020-07-21,49,0.0,47.14285714285714,1.0,0.14285714285714285,0.0,0.0,0.0,,,,0.0
2020-07-22,55,0.0,47.42857142857142,6.0,0.2857142857142857,0.0,0.0,0.0,1598.7427448413935,,0.003030303030302939,0.0
2020-07-23,57,0.0,48.57142857142856,2.0,1.1428571428571428,0.0,0.0,0.0,534.5283305020974,,0.009036144578313143,0.0
2020-07-24,63,0.0,50.0,6.0,1.4285714285714284,0.0,0.0,0.0,147.53253188513267,,0.03235294117647036,0.0
2020-07-25,66,0.0,52.28571428571428,3.0,2.2857142857142856,0.0,0.0,0.0,78.4161390853482,,0.06000000000000005,0.0
2020-07-26,67,0.0,55.0,1.0,2.714285714285714,0.0,0.0,0.0,45.52665952098604,,0.10109289617486328,0.0
2020-07-27,67,0.0,57.85714285714286,0.0,2.8571428571428568,0.0,0.0,0.0,30.868163321274235,,0.1454545454545455,0.0
2020-07-28,69,0.0,60.57142857142857,2.0,2.714285714285714,0.0,0.0,0.0,23.692200393700865,8.497812409839364,0.18518518518518534,0.0
2020-07-29,72,0.0,63.42857142857142,3.0,2.8571428571428568,0.0,0.0,0.0,19.836714188254387,4.993142996148907,0.21698113207547176,0.0
2020-07-30,75,0.0,65.85714285714285,3.0,2.4285714285714284,0.0,0.0,0.0,18.18064091626054,1.924167448516752,0.23423423423423428,0.0
2020-07-31,82,0.0,68.42857142857142,7.0,2.5714285714285707,0.0,0.0,0.0,17.613969933185537,1.460852514471149,0.24078091106290656,0.0
2020-08-01,90,0.0,71.14285714285714,8.0,2.7142857142857144,0.0,0.0,0.0,18.03277809279475,1.0877710994392165,0.2359081419624217,0.0
2020-08-02,95,0.0,74.57142857142857,5.0,3.4285714285714284,0.0,0.0,0.0,18.853324814110337,1.0000000000000002,0.2269076305220883,0.0
2020-08-03,102,0.0,78.57142857142857,7.0,4.0,0.0,0.0,0.0,19.119001919774494,1.1390899833687878,0.22413793103448265,0.0
2020-08-04,111,0.0,83.57142857142857,9.0,5.0,0.0,0.0,0.0,18.648398504093702,1.3191338926247222,0.22909090909090912,0.0
2020-08-05,121,0.0,89.57142857142857,10.0,6.0,0.0,0.0,0.0,17.59337914162639,1.4914153416386178,0.24102564102564106,0.0
2020-08-06,133,0.0,96.57142857142856,12.0,7.0,0.0,0.0,0.0,15.77647200753995,1.907970660624223,0.26475279106858063,0.0
2020-08-07,141,0.0,104.85714285714286,8.0,8.285714285714285,0.0,0.0,0.0,14.084575324217896,2.0448417157081558,0.29142011834319526,0.0
2020-08-08,145,0.0,113.28571428571428,4.0,8.428571428571429,0.0,0.0,0.0,12.508167816270667,2.2191977056181402,0.3215258855585832,0.0
2020-08-09,154,0.0,121.14285714285712,9.0,7.857142857142858,0.0,0.0,0.0,11.603407612570477,1.9012057599616101,0.3417402269861286,0.0
2020-08-10,157,0.0,129.57142857142856,3.0,8.428571428571427,0.0,0.0,0.0,11.206586852499896,1.6196899918849148,0.3514150943396226,0.0
2020-08-11,162,0.0,137.42857142857142,5.0,7.857142857142857,0.0,0.0,0.0,11.064291139587905,1.4520733272838138,0.3550165380374861,0.0
2020-08-12,174,0.0,144.71428571428572,12.0,7.285714285714285,0.0,0.0,0.0,11.33472084732537,1.212418146531013,0.34823284823284817,0.0
2020-08-13,175,0.0,152.28571428571428,1.0,7.571428571428571,0.0,0.0,0.0,11.995770171090193,1.0289874279172528,0.3326752221125372,0.0
2020-08-14,180,0.0,158.28571428571428,5.0,6.0,0.0,0.0,0.0,13.00256130227988,0.937635835240345,0.31144465290806744,0.0
2020-08-15,190,0.0,163.85714285714286,10.0,5.571428571428572,0.0,0.0,0.0,14.505814552138773,0.7844576179217619,0.28429602888086647,0.0
2020-08-16,195,0.0,170.28571428571428,5.0,6.428571428571429,0.0,0.0,0.0,16.06502308168254,0.7822733091083948,0.2606800348735834,0.0
2020-08-17,198,0.0,176.14285714285714,3.0,5.857142857142857,0.0,0.0,0.0,17.757042966256115,0.8240845788566533,0.23909395973154368,0.0
2020-08-18,199,0.0,181.99999999999997,1.0,5.857142857142857,0.0,0.0,0.0,19.54957769457159,0.8107225674548123,0.21978913219789142,0.0
2020-08-19,203,0.0,187.28571428571425,4.0,5.285714285714286,0.0,0.0,0.0,21.165230384656006,0.8556486828635992,0.204866562009419,0.0
2020-08-20,207,0.0,191.4285714285714,4.0,4.142857142857142,0.0,0.0,0.0,23.45370969672492,0.7736035739697343,0.18688024408848192,0.0
2020-08-21,214,0.0,196.0,7.0,4.57142857142857,0.0,0.0,0.0,25.521819179110125,0.7675491934102007,0.17313432835820886,0.0
2020-08-22,218,0.0,200.85714285714283,4.0,4.857142857142856,0.0,0.0,0.0,27.088201373021583,0.8682252421863845,0.1639941690962099,0.0
2020-08-23,222,0.0,204.85714285714286,4.0,4.0,0.0,0.0,0.0,29.38554506926061,0.8185541805795973,0.15220483641536264,0.0
2020-08-24,224,0.0,208.7142857142857,2.0,3.8571428571428568,0.0,0.0,0.0,32.128923374791164,0.7615454698570188,0.14016736401673646,0.0
2020-08-25,225,0.0,212.42857142857144,1.0,3.7142857142857135,0.0,0.0,0.0,35.42673261073543,0.7420176224128225,0.12799452429842584,0.0
2020-08-26,227,0.0,216.14285714285714,2.0,3.714285714285714,0.0,0.0,0.0,38.517206018456136,0.7772328715073512,0.11835911230665797,0.0
2020-08-27,229,0.0,219.57142857142856,2.0,3.4285714285714284,0.0,0.0,0.0,39.95913051564023,0.9249648943345112,0.1143423661599473,0.0
2020-08-28,235,0.0,222.7142857142857,6.0,3.1428571428571423,0.0,0.0,0.0,42.72547423259274,0.814250521297168,0.1073519843851658,0.0
