date,npatients,ndeaths,Cases Total(Ave7),Cases Day,Cases Day(Ave7),Deaths Total(Ave7),Deaths Day,Deaths Day(Ave7),Td7,R0,K,CFR
2020-03-18,32,0.0,,,,,,,,,,
2020-03-19,36,0.0,,4.0,,,0.0,,,,,
2020-03-20,38,0.0,,2.0,,,0.0,,,,,
2020-03-21,41,0.0,,3.0,,,0.0,,,,,
2020-03-22,45,1.0,,4.0,,,1.0,,,,,
2020-03-23,46,1.0,,1.0,,,0.0,,,,,
2020-03-24,53,1.0,,7.0,,,0.0,,,,,
2020-03-25,53,1.0,41.57142857142857,0.0,,0.42857142857142855,0.0,,,,,0.010309278350515464
2020-03-26,60,1.0,44.57142857142856,7.0,3.0,0.5714285714285714,0.0,0.14285714285714285,,,,0.012820512820512822
2020-03-27,66,2.0,47.99999999999999,6.0,3.4285714285714284,0.7142857142857142,1.0,0.14285714285714285,,,,0.014880952380952382
2020-03-28,78,3.0,51.99999999999999,12.0,4.0,0.9999999999999999,1.0,0.2857142857142857,,,,0.019230769230769232
2020-03-29,83,3.0,57.28571428571428,5.0,5.285714285714286,1.4285714285714284,0.0,0.42857142857142855,,,,0.02493765586034913
2020-03-30,84,3.0,62.714285714285715,1.0,5.428571428571429,1.7142857142857142,0.0,0.2857142857142857,,,,0.027334851936218676
2020-03-31,98,3.0,68.14285714285714,14.0,5.428571428571429,2.0,0.0,0.2857142857142857,,,,0.029350104821802937
2020-04-01,101,4.0,74.57142857142856,3.0,6.428571428571429,2.2857142857142856,1.0,0.2857142857142857,9.818083354982667,1.6391752577319587,0.389937106918239,0.030651340996168588
2020-04-02,113,4.0,81.42857142857143,12.0,6.857142857142858,2.7142857142857144,0.0,0.42857142857142855,9.427561461857339,1.6730769230769231,0.4022988505747126,0.03333333333333333
2020-04-03,131,4.0,88.99999999999999,18.0,7.571428571428572,3.1428571428571423,0.0,0.42857142857142855,9.180319606283758,1.6964285714285718,0.41052631578947374,0.03531300160513644
2020-04-04,153,4.0,98.28571428571428,22.0,9.285714285714285,3.428571428571428,0.0,0.2857142857142857,9.028836277403538,1.7115384615384615,0.4157303370786517,0.03488372093023256
2020-04-05,174,4.0,108.99999999999999,21.0,10.714285714285714,3.571428571428571,0.0,0.14285714285714285,8.98811392012513,1.7157107231920201,0.41715116279069775,0.0327653997378768
2020-04-06,195,4.0,122.0,21.0,13.0,3.7142857142857135,0.0,0.14285714285714285,8.777846430758933,1.7380410022779043,0.4246395806028833,0.03044496487119437
2020-04-07,209,4.0,137.85714285714286,14.0,15.857142857142856,3.8571428571428568,0.0,0.14285714285714285,8.330885603948774,1.790356394129979,0.44145199063231855,0.02797927461139896
2020-04-08,242,4.0,153.71428571428572,33.0,15.857142857142856,3.999999999999999,0.0,0.14285714285714285,7.8964069418015015,1.8486590038314181,0.45906735751295347,0.026022304832713748
2020-04-09,271,5.0,173.85714285714283,29.0,20.142857142857142,3.999999999999999,1.0,0.0,7.636550355536027,1.8877192982456141,0.47026022304832715,0.023007395234182413
2020-04-10,325,5.0,196.42857142857144,54.0,22.57142857142857,4.142857142857142,0.0,0.14285714285714285,7.246188533039462,1.9534510433386838,0.4880854560394413,0.021090909090909087
2020-04-11,345,5.0,224.14285714285714,20.0,27.714285714285715,4.285714285714286,0.0,0.14285714285714285,7.007349668529139,1.9985465116279073,0.49963636363636377,0.019120458891013385
2020-04-12,386,5.0,251.57142857142853,41.0,27.428571428571427,4.428571428571429,0.0,0.14285714285714285,6.73018428629176,2.0563564875491482,0.5137029955385597,0.017603634298693927
2020-04-13,414,5.0,281.85714285714283,28.0,30.285714285714285,4.571428571428571,0.0,0.14285714285714285,6.704422563521189,2.062060889929742,0.5150482680295285,0.016218955904713634
2020-04-14,433,7.0,313.1428571428571,19.0,31.285714285714285,4.714285714285714,2.0,0.14285714285714285,6.784325554074528,2.0445595854922276,0.5108971109984795,0.015054744525547448
2020-04-15,479,7.0,345.14285714285705,46.0,32.0,5.142857142857142,0.0,0.42857142857142855,6.81882570746959,2.037174721189591,0.5091240875912408,0.014900662251655632
2020-04-16,535,9.0,379.0,56.0,33.857142857142854,5.571428571428571,2.0,0.42857142857142855,7.075772418836634,1.9852095316351681,0.4962748344370861,0.014700339238597813
2020-04-17,575,9.0,416.7142857142857,40.0,37.714285714285715,6.142857142857142,0.0,0.5714285714285714,7.382462831640261,1.9294545454545453,0.4817188088955898,0.01474117243743572
2020-04-18,610,9.0,452.42857142857144,35.0,35.714285714285715,6.7142857142857135,0.0,0.5714285714285714,7.824375988686281,1.8591459528362015,0.46211861501542684,0.014840543100726238
2020-04-19,642,9.0,490.2857142857142,32.0,37.857142857142854,7.285714285714285,0.0,0.5714285714285714,8.267176647817035,1.7984099943214087,0.4439532680770446,0.01486013986013986
2020-04-20,662,9.0,526.8571428571428,20.0,36.57142857142857,7.857142857142857,0.0,0.5714285714285714,8.764696239741857,1.7394830207805372,0.42511655011655014,0.014913232104121477
2020-04-21,681,10.0,562.2857142857143,19.0,35.42857142857142,8.428571428571427,1.0,0.5714285714285714,9.325986228510471,1.6824817518248176,0.40563991323210413,0.01498983739837398
2020-04-22,714,10.0,597.7142857142857,33.0,35.42857142857142,8.857142857142856,0.0,0.42857142857142855,9.941631742484896,1.6291390728476827,0.38617886178861804,0.014818355640535371
2020-04-23,753,14.0,631.2857142857142,39.0,33.57142857142857,9.285714285714285,4.0,0.42857142857142855,10.6503049416698,1.5770825480588013,0.3659177820267686,0.014709210228558497
2020-04-24,767,15.0,662.4285714285714,14.0,31.142857142857146,10.0,1.0,0.7142857142857142,11.681569529088339,1.5149125814192663,0.33989590405069015,0.015095967220185464
2020-04-25,786,15.0,689.8571428571428,19.0,27.428571428571423,10.857142857142856,0.0,0.857142857142857,12.725540680623421,1.464161667192927,0.31701531162389474,0.015738248084489544
2020-04-26,806,16.0,715.0,20.0,25.142857142857146,11.714285714285714,1.0,0.857142857142857,14.208151964621765,1.4070512820512822,0.2892938496583144,0.016383616383616382
2020-04-27,823,16.0,738.4285714285713,17.0,23.428571428571427,12.714285714285712,0.0,0.9999999999999998,15.889899763693082,1.3571041214750545,0.26313686313686324,0.01721803056684078
2020-04-28,828,15.0,761.4285714285713,5.0,23.0,13.714285714285712,-1.0,0.9999999999999998,17.80468346449609,1.313262195121951,0.23853743470690636,0.01801125703564728
2020-04-29,843,15.0,782.4285714285713,15.0,20.999999999999996,14.428571428571427,0.0,0.7142857142857142,20.042795296368713,1.2739005736137667,0.21500938086303933,0.01844075223662589
2020-04-30,851,17.0,800.8571428571428,8.0,18.428571428571427,15.142857142857139,2.0,0.7142857142857142,22.60500392912758,1.2394206834125368,0.19317144422128896,0.018908312522297535
2020-05-01,857,17.0,814.8571428571429,6.0,13.999999999999996,15.571428571428571,0.0,0.42857142857142855,25.567972636867403,1.2089713176622814,0.1728505173028897,0.019109396914446002
2020-05-02,878,17.0,827.7142857142857,21.0,12.857142857142856,15.857142857142858,0.0,0.2857142857142857,29.136374758917352,1.1811969351832678,0.15340112201963552,0.019157749395926824
2020-05-03,888,25.0,840.8571428571429,10.0,13.142857142857142,16.142857142857142,8.0,0.2857142857142857,33.14556912217394,1.1576423576423576,0.13617535381429058,0.019198097179748554
2020-05-04,894,26.0,852.5714285714286,6.0,11.714285714285714,17.42857142857143,1.0,1.2857142857142856,37.352788658953024,1.1387115496227511,0.12181447502548437,0.020442359249329762
2020-05-05,901,27.0,862.7142857142857,7.0,10.142857142857142,18.857142857142858,1.0,1.4285714285714284,42.915296777961636,1.1196998123827393,0.10690348525469173,0.021857923497267763
2020-05-06,909,27.0,873.1428571428571,8.0,10.428571428571429,20.571428571428573,0.0,1.714285714285714,49.67223681791998,1.1026109183859778,0.09306176519291276,0.023560209424083774
2020-05-07,922,28.0,882.5714285714286,13.0,9.428571428571427,22.285714285714285,1.0,1.714285714285714,56.14697075837079,1.0902604352479488,0.08278795811518336,0.025250890255746197
2020-05-08,946,41.0,892.7142857142857,24.0,10.142857142857142,23.857142857142854,13.0,1.5714285714285712,60.78188645625224,1.0830995792426368,0.07672385885399802,0.02672427588414146
2020-05-09,962,41.0,905.4285714285713,16.0,12.714285714285715,27.285714285714285,0.0,3.428571428571428,64.18152413297493,1.07852951328961,0.07281164986397826,0.0301356894919533
2020-05-10,967,42.0,917.4285714285713,5.0,12.0,30.714285714285715,1.0,3.428571428571428,65.57984165432661,1.076792388718994,0.07131587251498883,0.03347866708190595
2020-05-11,969,42.0,928.7142857142856,2.0,11.285714285714283,33.14285714285714,0.0,2.4285714285714284,66.17812745811993,1.0760723860589811,0.07069448769853615,0.03568681741270574
2020-05-12,970,43.0,939.4285714285713,1.0,10.714285714285715,35.42857142857143,1.0,2.2857142857142856,65.81917819337227,1.076502732240437,0.07106598984771562,0.03771289537712896
2020-05-13,973,44.0,949.2857142857142,3.0,9.857142857142858,37.71428571428571,1.0,2.2857142857142856,66.30938183664311,1.075916230366492,0.07055961070559602,0.03972911963882618
2020-05-14,977,45.0,958.4285714285713,4.0,9.142857142857142,40.142857142857146,1.0,2.4285714285714284,66.58465432516938,1.075590806086112,0.07027840481565084,0.0418840363690565
2020-05-15,979,45.0,966.2857142857142,2.0,7.857142857142857,42.57142857142858,0.0,2.4285714285714284,68.31107454049905,1.0736117778844614,0.06856461469667607,0.04405677114133649
2020-05-16,984,46.0,971.0,5.0,4.7142857142857135,43.142857142857146,1.0,0.5714285714285714,74.58790182026675,1.067213632060587,0.06298048492016561,0.04443136677946153
2020-05-17,988,46.0,974.1428571428571,4.0,3.1428571428571423,43.857142857142854,0.0,0.7142857142857142,85.49570521225218,1.0583930239800687,0.055171399146682454,0.04502126411497287
2020-05-18,991,46.0,977.1428571428571,3.0,2.999999999999999,44.42857142857142,0.0,0.5714285714285714,101.5986832581891,1.0489155514536226,0.0466344038715355,0.045467836257309935
2020-05-19,991,46.0,980.2857142857142,0.0,3.142857142857142,44.99999999999999,0.0,0.5714285714285714,123.26976338705732,1.0401459854014599,0.038596491228070295,0.04590498396968813
2020-05-20,996,46.0,983.2857142857142,5.0,2.9999999999999996,45.42857142857142,0.0,0.42857142857142855,150.9924744161836,1.0326561324303989,0.03162343340134077,0.04620078454162429
2020-05-21,997,46.0,986.5714285714284,1.0,3.2857142857142847,45.71428571428571,0.0,0.2857142857142857,189.49767982381803,1.0259353107765687,0.02527967456051139,0.046336518969012454
2020-05-22,998,46.0,989.4285714285714,1.0,2.8571428571428568,45.85714285714285,0.0,0.14285714285714285,233.53826749594805,1.0209934949733885,0.02056183029249925,0.04634709789200114
2020-05-23,999,46.0,992.1428571428571,1.0,2.714285714285714,45.99999999999999,0.0,0.14285714285714285,258.0715116943628,1.0189789613064588,0.01862546924631825,0.04636429085673146
2020-05-24,999,46.0,994.2857142857141,0.0,2.142857142857143,45.99999999999999,0.0,0.0,265.0058690325866,1.01847778266608,0.018142548596112307,0.04626436781609196
2020-05-25,999,47.0,995.8571428571427,0.0,1.5714285714285712,45.99999999999999,1.0,0.0,278.9847081056657,1.0175438596491226,0.01724137931034464,0.04619136422321044
2020-05-26,1000,47.0,996.9999999999998,1.0,1.1428571428571426,46.14285714285714,0.0,0.14285714285714285,307.8749793608959,1.0158845817545903,0.015636207143881697,0.04628170224960597
2020-05-27,1000,47.0,998.2857142857141,0.0,1.2857142857142854,46.285714285714285,0.0,0.14285714285714285,350.3008762057884,1.013947406654075,0.013755552371399804,0.04636519748139669
2020-05-28,1002,47.0,998.8571428571428,2.0,0.5714285714285714,46.42857142857143,0.0,0.14285714285714285,411.05686442946126,1.0118737329858094,0.011734401831711483,0.0464816933638444
2020-05-29,1004,48.0,999.5714285714284,2.0,0.7142857142857142,46.57142857142858,1.0,0.14285714285714285,511.5912956100055,1.0095293098469533,0.009439359267734426,0.04659139631270546
2020-05-30,1003,48.0,1000.4285714285714,-1.0,0.8571428571428571,46.857142857142854,0.0,0.2857142857142857,650.4489640437696,1.0074874010079193,0.007431756467057182,0.0468370698272169
2020-05-31,1003,48.0,1001.0,0.0,0.5714285714285714,47.14285714285714,0.0,0.2857142857142857,787.7754000428744,1.0061781609195404,0.006140225617592643,0.04709576138147566
2020-06-01,1003,48.0,1001.5714285714284,0.0,0.5714285714285714,47.428571428571416,0.0,0.2857142857142857,941.9656815745227,1.0051642519007318,0.005137719423433884,0.04735415775210383
2020-06-02,1003,48.0,1002.1428571428571,0.0,0.5714285714285714,47.57142857142856,0.0,0.14285714285714285,1060.6216407873753,1.0045851841238,0.004564256168877567,0.047469707769066276
2020-06-03,1005,49.0,1002.5714285714284,2.0,0.42857142857142855,47.71428571428571,1.0,0.14285714285714285,1258.2017701156,1.003863766456783,0.0038488952245190333,0.047591906526075804
2020-06-04,1005,50.0,1003.2857142857141,0.0,0.7142857142857142,47.99999999999999,1.0,0.2857142857142857,1307.2474222807846,1.0037185354691076,0.0037047591906526067,0.04784280222127296
2020-06-05,1006,51.0,1003.7142857142856,1.0,0.42857142857142855,48.42857142857143,1.0,0.42857142857142855,1308.1805060942856,1.0037158782335287,0.003702121600455577,0.04824935952177627
2020-06-06,1007,51.0,1003.9999999999999,1.0,0.2857142857142857,48.857142857142854,0.0,0.42857142857142855,1479.7624257899615,1.003284306725689,0.0032735553657839978,0.048662492885600456
2020-06-07,1007,51.0,1004.5714285714284,0.0,0.5714285714285714,49.28571428571428,0.0,0.42857142857142855,1621.3855698765883,1.0029970029970028,0.0029880478087648266,0.04906143344709898
2020-06-08,1007,51.0,1005.1428571428571,0.0,0.5714285714285714,49.714285714285715,0.0,0.42857142857142855,1622.3097668064856,1.002995293110826,0.002986348122866911,0.04945992040932348
2020-06-09,1008,51.0,1005.7142857142858,1.0,0.5714285714285714,50.14285714285714,0.0,0.42857142857142855,1623.2339637357393,1.002993585174626,0.002984650369528108,0.04985795454545454
2020-06-10,1014,51.0,1006.4285714285714,6.0,0.7142857142857142,50.57142857142857,0.0,0.42857142857142855,1550.2224037944945,1.0031347962382446,0.0031250000000001554,0.050248403122782115
2020-06-11,1017,51.0,1007.7142857142858,3.0,1.2857142857142856,50.857142857142854,0.0,0.2857142857142857,1551.3251388448884,1.003132564431155,0.0031227821149754087,0.05046781967677912
2020-06-12,1019,51.0,1009.4285714285716,2.0,1.7142857142857142,51.0,0.0,0.14285714285714285,1219.9374296297353,1.0039851978366072,0.00396937907570194,0.05052363430512312
2020-06-13,1019,51.0,1011.2857142857143,0.0,1.8571428571428572,51.0,0.0,0.0,899.79406361219,1.0054069436539559,0.0053778658363998755,0.050430851815228134
2020-06-14,1021,51.0,1013.0,2.0,1.7142857142857144,51.0,0.0,0.0,728.3696368844421,1.0066837315130832,0.006639355841220662,0.050345508390918066
2020-06-15,1021,52.0,1015.0,0.0,2.0,51.0,1.0,0.0,623.1298656082388,1.0078169414440024,0.007756310816528056,0.05024630541871921
2020-06-16,1022,52.0,1017.0000000000001,1.0,2.0,51.142857142857146,0.0,0.14285714285714285,527.9344999437797,1.0092329545454546,0.009148486980999238,0.050287961792386565
2020-06-17,1023,52.0,1019.0,1.0,1.9999999999999996,51.28571428571429,0.0,0.14285714285714285,464.3481849059182,1.0105039034776437,0.010394718359320265,0.05032945464741344
2020-06-18,1025,52.0,1020.2857142857142,2.0,1.2857142857142856,51.42857142857143,0.0,0.14285714285714285,435.6648219187454,1.0111993195350155,0.011075283891770593,0.05040604872584711
2020-06-19,1027,65.0,1021.4285714285714,2.0,1.1428571428571428,51.57142857142858,13.0,0.14285714285714285,453.53281897142415,1.010755731672799,0.010641276953234247,0.050489510489510496
2020-06-20,1031,65.0,1022.5714285714286,4.0,1.1428571428571428,53.57142857142857,0.0,1.9999999999999998,486.18989883646555,1.01002966520695,0.009930069930069951,0.052388935456831515
2020-06-21,1038,65.0,1024.2857142857142,7.0,1.7142857142857142,55.57142857142857,0.0,1.9999999999999998,515.9408186587976,1.0094485968128613,0.00936015646828725,0.05425383542538354
2020-06-22,1042,65.0,1026.7142857142856,4.0,2.4285714285714284,57.57142857142857,0.0,1.9999999999999998,532.7865640497938,1.0091484869809992,0.009065550906555031,0.05607346598024211
2020-06-23,1054,65.0,1029.7142857142856,12.0,3.0,59.42857142857142,0.0,1.857142857142857,510.3869278903351,1.009551903357213,0.009461527758452548,0.05771365149833519
2020-06-24,1063,65.0,1034.2857142857142,9.0,4.571428571428571,61.28571428571428,0.0,1.857142857142857,463.882210908674,1.0105145100238326,0.010405105438401674,0.05925414364640884
2020-06-25,1074,65.0,1040.0,11.0,5.714285714285714,63.14285714285713,0.0,1.857142857142857,356.0245878269065,1.0137216465975918,0.013535911602209905,0.06071428571428571
2020-06-26,1090,65.0,1047.0,16.0,7.0,65.0,0.0,1.857142857142857,269.2803941591286,1.018181818181818,0.017857142857142794,0.06208213944603629
2020-06-27,1101,65.0,1056.0,11.0,9.0,65.0,0.0,0.0,205.5207538512036,1.0238893545683152,0.02333196889070821,0.061553030303030304
2020-06-28,1109,65.0,1066.0,8.0,9.999999999999998,65.0,0.0,0.0,159.12114996857508,1.0309623430962345,0.030032467532467577,0.06097560975609756
2020-06-29,1122,65.0,1076.142857142857,13.0,10.142857142857142,65.0,0.0,0.0,129.21643830365517,1.038263531376096,0.036853390511927264,0.06040090269480951
2020-06-30,1132,65.0,1087.5714285714287,10.0,11.428571428571429,65.0,0.0,0.0,110.01875034311995,1.0450887902330745,0.04314350192486405,0.05976618941284644
2020-07-01,1146,65.0,1098.7142857142858,14.0,11.142857142857142,65.0,0.0,0.0,96.5845217187682,1.0515193370165747,0.04899513989228965,0.05916005720972565
2020-07-02,1165,65.0,1110.5714285714284,19.0,11.857142857142858,65.0,0.0,0.0,88.34731457394015,1.056456043956044,0.05343908464438962,0.058528428093645495
2020-07-03,1191,65.0,1123.5714285714284,26.0,12.999999999999998,65.0,0.0,0.0,82.31348556215828,1.0607176968208485,0.05724208901466421,0.057851239669421496
2020-07-04,1218,65.0,1138.0,27.0,14.428571428571427,65.0,0.0,0.0,78.22801574381778,1.0639880952380951,0.06013986013986006,0.05711775043936731
2020-07-05,1239,65.0,1154.7142857142856,21.0,16.71428571428571,65.0,0.0,0.0,74.23659365178541,1.0675422138836772,0.06326889279437609,0.056290981071384395
2020-07-06,1255,66.0,1173.2857142857142,16.0,18.57142857142857,65.0,1.0,0.0,68.85269492398112,1.073012080180539,0.06804404305332168,0.055399975648362354
2020-07-07,1282,67.0,1192.2857142857142,27.0,18.999999999999996,65.14285714285714,1.0,0.14285714285714285,63.95952210252376,1.0788125574674896,0.07305491294289523,0.054636951833213515
