date,npatients,ndeaths,Cases Total(Ave7),Cases Day,Cases Day(Ave7),Deaths Total(Ave7),Deaths Day,Deaths Day(Ave7),Td7,R0,K,CFR
2020-03-18,3,0.0,,,,,,,,,,
2020-03-19,3,0.0,,0.0,,,0.0,,,,,
2020-03-20,3,0.0,,0.0,,,0.0,,,,,
2020-03-21,4,0.0,,1.0,,,0.0,,,,,
2020-03-22,4,0.0,,0.0,,,0.0,,,,,
2020-03-23,4,0.0,,0.0,,,0.0,,,,,
2020-03-24,6,0.0,,2.0,,,0.0,,,,,
2020-03-25,6,0.0,3.857142857142857,0.0,,0.0,0.0,,,,,0.0
2020-03-26,10,0.0,4.285714285714286,4.0,0.42857142857142855,0.0,0.0,0.0,,,,0.0
2020-03-27,11,0.0,5.285714285714286,1.0,1.0,0.0,0.0,0.0,,,,0.0
2020-03-28,11,0.0,6.428571428571428,0.0,1.1428571428571428,0.0,0.0,0.0,,,,0.0
2020-03-29,12,0.0,7.428571428571428,1.0,1.0,0.0,0.0,0.0,,,,0.0
2020-03-30,12,0.0,8.571428571428571,0.0,1.1428571428571428,0.0,0.0,0.0,,,,0.0
2020-03-31,14,0.0,9.714285714285714,2.0,1.1428571428571428,0.0,0.0,0.0,,,,0.0
2020-04-01,14,0.0,10.857142857142856,0.0,1.1428571428571428,0.0,0.0,0.0,5.252986300044135,1.9343374894122314,0.6029411764705882,0.0
2020-04-02,14,0.0,12.0,0.0,1.1428571428571428,0.0,0.0,0.0,5.219841383114647,1.94245814521007,0.6052631578947367,0.0
2020-04-03,14,0.0,12.571428571428571,0.0,0.5714285714285714,0.0,0.0,0.0,5.917839803896793,1.7961438504371585,0.5595238095238095,0.0
2020-04-04,14,0.0,13.0,0.0,0.42857142857142855,0.0,0.0,0.0,7.234554962325308,1.6145448479792608,0.48863636363636365,0.0
2020-04-05,14,0.0,13.428571428571429,0.0,0.42857142857142855,0.0,0.0,0.0,8.670288380926666,1.4914153416386178,0.4285714285714286,0.0
2020-04-06,14,0.0,13.714285714285715,0.0,0.2857142857142857,0.0,0.0,0.0,10.807501694512819,1.3780627776174759,0.36170212765957455,0.0
2020-04-07,15,0.0,14.0,1.0,0.2857142857142857,0.0,0.0,0.0,14.070361389685763,1.2793020209433654,0.29166666666666674,0.0
2020-04-08,21,0.0,14.142857142857142,6.0,0.14285714285714285,0.0,0.0,0.0,19.08488881452427,1.1991294235510568,0.22448979591836749,0.0
2020-04-09,31,0.0,15.142857142857142,10.0,1.0,0.0,0.0,0.0,29.530980866070106,1.1245234235043755,0.1515151515151515,0.0
2020-04-10,31,0.0,17.57142857142857,0.0,2.4285714285714284,0.0,0.0,0.0,26.071847553213992,1.1421702717647804,0.16981132075471694,0.0
2020-04-11,32,0.0,19.999999999999996,1.0,2.4285714285714284,0.0,0.0,0.0,16.102323729183443,1.2401496215731964,0.2601626016260161,0.0
2020-04-12,35,0.0,22.57142857142857,3.0,2.571428571428571,0.0,0.0,0.0,12.18039162924828,1.3291425416744738,0.3285714285714284,0.0
2020-04-13,36,0.0,25.57142857142857,1.0,2.9999999999999996,0.0,0.0,0.0,9.738205763104256,1.4274513781305158,0.3924050632911391,0.0
2020-04-14,38,0.0,28.71428571428571,2.0,3.1428571428571423,0.0,0.0,0.0,8.054254070774508,1.5377169326029443,0.45251396648044684,0.0
2020-04-15,39,0.0,31.999999999999996,1.0,3.285714285714285,0.0,0.0,0.0,6.851359273435831,1.6583887026969926,0.5074626865671641,0.0
2020-04-16,42,0.0,34.57142857142857,3.0,2.571428571428571,0.0,0.0,0.0,6.4848772304338915,1.7064813171360986,0.5267857142857142,0.0
2020-04-17,44,0.0,36.14285714285714,2.0,1.5714285714285714,0.0,0.0,0.0,7.169569407976124,1.621570728260312,0.49173553719008267,0.0
2020-04-18,44,0.0,38.0,0.0,1.8571428571428572,0.0,0.0,0.0,8.199500330011446,1.526040505058598,0.4466403162055337,0.0
2020-04-19,46,0.0,39.71428571428571,2.0,1.7142857142857144,0.0,0.0,0.0,9.314683011458408,1.4507379236245965,0.40601503759398505,0.0
2020-04-20,49,0.0,41.28571428571428,3.0,1.5714285714285712,0.0,0.0,0.0,11.021447342824521,1.3695110677964,0.35611510791366907,0.0
2020-04-21,51,0.0,43.14285714285714,2.0,1.857142857142857,0.0,0.0,0.0,13.361991845288571,1.2961167775928797,0.30449826989619366,0.0
2020-04-22,52,0.0,45.0,1.0,1.8571428571428572,0.0,0.0,0.0,16.239422265330326,1.2378982419550781,0.2582781456953642,0.0
2020-04-23,53,0.0,46.857142857142854,1.0,1.8571428571428568,0.0,0.0,0.0,18.40435401669444,1.207208478720372,0.2317460317460318,0.0
2020-04-24,53,0.0,48.42857142857143,0.0,1.5714285714285712,0.0,0.0,0.0,18.68867295664543,1.2037549541932262,0.22865853658536583,0.0
2020-04-25,52,0.0,49.71428571428571,-1.0,1.2857142857142856,0.0,0.0,0.0,20.008058809618174,1.1891241158319334,0.21533923303834812,0.0
2020-04-26,52,0.0,50.857142857142854,0.0,1.1428571428571428,0.0,0.0,0.0,21.604776694199693,1.1739982860581655,0.20114942528735635,0.0
2020-04-27,54,0.0,51.714285714285715,2.0,0.857142857142857,0.0,0.0,0.0,23.270677154108405,1.160593438363741,0.1882022471910113,0.0
2020-04-28,54,0.0,52.42857142857143,0.0,0.7142857142857142,0.0,0.0,0.0,26.77466825717916,1.1381917890460858,0.1657458563535913,0.0
2020-04-29,54,0.0,52.857142857142854,0.0,0.42857142857142855,0.0,0.0,0.0,31.756367405825113,1.115313074103798,0.1416893732970027,0.0
2020-04-30,54,0.0,53.14285714285714,0.0,0.2857142857142857,0.0,0.0,0.0,40.26935460292914,1.0898759203079245,0.11351351351351358,0.0
2020-05-01,54,0.0,53.285714285714285,0.0,0.14285714285714285,0.0,0.0,0.0,52.23204388045959,1.0686035219087886,0.08870967741935476,0.0
2020-05-02,54,0.0,53.42857142857143,0.0,0.14285714285714285,0.0,0.0,0.0,69.93822747565883,1.0508025891056332,0.06702412868632712,0.0
2020-05-03,54,0.0,53.714285714285715,0.0,0.2857142857142857,0.0,0.0,0.0,98.36844837850228,1.0358601976744315,0.048128342245989386,0.0
2020-05-04,54,0.0,54.0,0.0,0.2857142857142857,0.0,0.0,0.0,127.87031268511127,1.0274741639992049,0.037234042553191515,0.0
2020-05-05,54,0.0,54.0,0.0,0.0,0.0,0.0,0.0,164.29544766929106,1.0213185963807474,0.02910052910052907,0.0
2020-05-06,54,0.0,54.0,0.0,0.0,0.0,0.0,0.0,226.82376567910615,1.0153967485766904,0.021164021164021274,0.0
2020-05-07,54,0.0,54.0,0.0,0.0,0.0,0.0,0.0,303.2454220108767,1.0114943736700934,0.015873015873015928,0.0
2020-05-08,54,,54.0,0.0,0.0,0.0,,0.0,364.38208879060517,1.009556644415448,0.013227513227513255,0.0
2020-05-09,54,,54.0,0.0,0.0,,,,456.0865433307183,1.0076278004347161,0.010582010582010581,
2020-05-10,56,,54.0,2.0,0.0,,,,914.605559727036,1.003796511582748,0.005291005291005235,
2020-05-11,56,,54.285714285714285,0.0,0.2857142857142857,,,,,,,
2020-05-12,56,0.0,54.57142857142857,0.0,0.2857142857142857,,,,919.4576013103517,1.0037764393458075,0.0052631578947368585,
2020-05-13,57,0.0,54.857142857142854,1.0,0.2857142857142857,,0.0,,460.93861887403,1.007547204073214,0.010471204188481686,
2020-05-14,57,0.0,55.28571428571428,0.0,0.42857142857142855,,0.0,,308.09755415983255,1.0113123323526412,0.015625,
2020-05-15,58,0.0,55.71428571428571,1.0,0.42857142857142855,,0.0,,206.20177208058462,1.016949538814064,0.02325581395348819,
2020-05-16,60,0.0,56.285714285714285,2.0,0.5714285714285714,,0.0,,155.2523321272207,1.022574273442269,0.03076923076923066,
2020-05-17,60,0.0,57.14285714285713,0.0,0.8571428571428571,,0.0,,117.03846816140549,1.0300547316372353,0.040609137055837574,
2020-05-18,60,0.0,57.71428571428571,0.0,0.5714285714285714,,0.0,,94.59385133775469,1.0373175138837434,0.04999999999999982,
2020-05-19,61,0.0,58.28571428571428,1.0,0.5714285714285714,0.0,0.0,,86.6522649522384,1.0408065138314637,0.05445544554455439,0.0
2020-05-20,62,0.0,58.99999999999999,1.0,0.7142857142857142,0.0,0.0,0.0,80.03398814777053,1.0442545705902353,0.05882352941176461,0.0
2020-05-21,64,0.0,59.71428571428571,2.0,0.7142857142857142,0.0,0.0,0.0,74.62033020750675,1.047540387882891,0.06295399515738498,0.0
2020-05-22,64,0.0,60.71428571428571,0.0,0.9999999999999999,0.0,0.0,0.0,69.97983297990824,1.0507716310647768,0.06698564593301437,0.0
2020-05-23,64,0.0,61.57142857142857,0.0,0.8571428571428571,0.0,0.0,0.0,64.06313384870853,1.0555888436643157,0.07294117647058818,0.0
2020-05-24,64,0.0,62.142857142857125,0.0,0.5714285714285714,0.0,0.0,0.0,65.00267898852073,1.05476375867405,0.07192575406032498,0.0
2020-05-25,65,0.0,62.714285714285694,1.0,0.5714285714285714,0.0,0.0,0.0,65.62903537497503,1.0542271787656188,0.0712643678160918,0.0
2020-05-26,65,0.0,63.42857142857142,0.0,0.7142857142857142,0.0,0.0,0.0,66.25538631581394,1.0537010139596856,0.07061503416856474,0.0
2020-05-27,65,0.0,64.0,0.0,0.5714285714285714,0.0,0.0,0.0,67.03831756662386,1.053057497670253,0.06981981981981988,0.0
2020-05-28,65,0.0,64.42857142857142,0.0,0.42857142857142855,0.0,0.0,0.0,70.00294714037031,1.0507544484540372,0.06696428571428581,0.0
2020-05-29,65,0.0,64.57142857142856,0.0,0.14285714285714285,0.0,0.0,0.0,81.71404097949703,1.0433252611994361,0.05764966740576494,0.0
2020-05-30,65,0.0,64.71428571428571,0.0,0.14285714285714285,0.0,0.0,0.0,101.98892488771354,1.0345654594995382,0.04646017699115024,0.0
2020-05-31,65,0.0,64.85714285714286,0.0,0.14285714285714285,0.0,0.0,0.0,119.66701938610663,1.029384958269472,0.03973509933774855,0.0
2020-06-01,65,0.0,65.0,0.0,0.14285714285714285,0.0,0.0,0.0,144.41518298912214,1.0242886972935472,0.03303964757709288,0.0
2020-06-02,66,0.0,65.0,1.0,0.0,0.0,0.0,0.0,198.2617051755695,1.0176342918613914,0.0241758241758242,0.0
2020-06-03,66,0.0,65.14285714285714,0.0,0.14285714285714285,0.0,0.0,0.0,312.94968314940627,1.0111359673261662,0.01538461538461533,0.0
2020-06-04,66,0.0,65.28571428571428,0.0,0.14285714285714285,0.0,0.0,0.0,440.07468695368846,1.0079064277454666,0.010964912280701844,0.0
2020-06-05,66,0.0,65.42857142857143,0.0,0.14285714285714285,0.0,0.0,0.0,441.0451028151784,1.007888963074374,0.010940919037199293,0.0
2020-06-06,66,0.0,65.57142857142857,0.0,0.14285714285714285,0.0,0.0,0.0,442.0155186335977,1.0078715753897456,0.01091703056768567,0.0
2020-06-07,66,0.0,65.71428571428572,0.0,0.14285714285714285,0.0,0.0,0.0,442.9859344092339,1.0078542641836499,0.010893246187363759,0.0
2020-06-08,66,0.0,65.85714285714286,0.0,0.14285714285714285,0.0,0.0,0.0,443.9563501423532,1.007837028952613,0.010869565217391464,0.0
2020-06-09,66,0.0,66.0,0.0,0.14285714285714285,0.0,0.0,0.0,370.36634644232174,1.0094015077217635,0.013015184381778844,0.0
2020-06-10,66,0.0,66.0,0.0,0.0,0.0,0.0,0.0,371.175029693618,1.0093809287739153,0.012987012987013102,0.0
2020-06-11,66,0.0,66.0,0.0,0.0,0.0,0.0,0.0,445.89718148220766,1.0078027844238218,0.010822510822510956,0.0
2020-06-12,66,0.0,66.0,0.0,0.0,0.0,0.0,0.0,557.9799643690712,1.0062305488843521,0.008658008658008587,0.0
2020-06-13,66,0.0,66.0,0.0,0.0,0.0,0.0,0.0,744.7840113944042,1.0046641872030009,0.006493506493506551,0.0
2020-06-14,66,0.0,66.0,0.0,0.0,0.0,0.0,0.0,1118.3912216627073,1.0031036647095748,0.004329004329004182,0.0
2020-06-15,66,0.0,66.0,0.0,0.0,0.0,0.0,0.0,2239.2110906646376,1.001548947013306,0.0021645021645021467,0.0
2020-06-16,66,0.0,66.0,0.0,0.0,0.0,0.0,0.0,,,,0.0
2020-06-17,66,0.0,66.0,0.0,0.0,0.0,0.0,0.0,,,,0.0
2020-06-18,66,0.0,66.0,0.0,0.0,0.0,0.0,0.0,,,,0.0
2020-06-19,66,0.0,66.0,0.0,0.0,0.0,0.0,0.0,,,,0.0
2020-06-20,66,0.0,66.0,0.0,0.0,0.0,0.0,0.0,,,,0.0
2020-06-21,66,0.0,66.0,0.0,0.0,0.0,0.0,0.0,,,,0.0
2020-06-22,66,0.0,66.0,0.0,0.0,0.0,0.0,0.0,,,,0.0
2020-06-23,66,0.0,66.0,0.0,0.0,0.0,0.0,0.0,,,,0.0
2020-06-24,66,0.0,66.0,0.0,0.0,0.0,0.0,0.0,,,,0.0
2020-06-25,66,0.0,66.0,0.0,0.0,0.0,0.0,0.0,,,,0.0
2020-06-26,66,0.0,66.0,0.0,0.0,0.0,0.0,0.0,,,,0.0
2020-06-27,69,0.0,66.0,3.0,0.0,0.0,0.0,0.0,,,,0.0
2020-06-28,69,0.0,66.42857142857143,0.0,0.42857142857142855,0.0,0.0,0.0,,,,0.0
2020-06-29,76,0.0,66.85714285714286,7.0,0.42857142857142855,0.0,0.0,0.0,749.6360587077127,1.0046339282386167,0.006451612903225823,0.0
2020-06-30,76,0.0,68.28571428571428,0.0,1.4285714285714286,0.0,0.0,0.0,376.02712815901384,1.0092593224742252,0.012820512820512886,0.0
2020-07-01,79,0.0,69.71428571428571,3.0,1.4285714285714286,0.0,0.0,0.0,142.51462331416468,1.0246165634351319,0.0334728033472802,0.0
2020-07-02,82,0.0,71.57142857142856,3.0,1.8571428571428572,0.0,0.0,0.0,88.62072410054185,1.0398822759570934,0.05327868852459006,0.0
2020-07-03,84,0.0,73.85714285714285,2.0,2.2857142857142856,0.0,0.0,0.0,59.87114782383519,1.0595948081400133,0.07784431137724535,0.0
2020-07-04,86,0.0,76.42857142857142,2.0,2.571428571428571,0.0,0.0,0.0,43.137600053809905,1.083656983150958,0.10638297872340419,0.0
2020-07-05,87,0.0,78.85714285714286,1.0,2.4285714285714284,0.0,0.0,0.0,34.600677851293,1.1053519767229192,0.1308411214953269,0.0
2020-07-06,87,0.0,81.42857142857143,0.0,2.571428571428571,0.0,0.0,0.0,29.392037808118136,1.1251474653751863,0.15217391304347827,0.0
2020-07-07,87,0.0,83.0,0.0,1.5714285714285712,0.0,0.0,0.0,27.564339975691354,1.1339788923330238,0.16140350877193,0.0
2020-07-08,88,0.0,84.57142857142857,1.0,1.5714285714285712,0.0,0.0,0.0,27.81563620068041,1.1326915229732233,0.1600688468158349,0.0
2020-07-09,90,0.0,85.85714285714286,2.0,1.2857142857142856,0.0,0.0,0.0,29.07138852988252,1.1266117386934127,0.15371621621621634,0.0
2020-07-10,90,0.0,87.0,0.0,1.1428571428571428,0.0,0.0,0.0,32.228255548655966,1.1135322674907073,0.13976705490848607,0.0
2020-07-11,93,0.0,87.85714285714286,3.0,0.8571428571428571,0.0,0.0,0.0,37.4525149024679,1.0969535093443787,0.12151067323481135,0.0
2020-07-12,93,0.0,88.85714285714283,0.0,1.0,0.0,0.0,0.0,44.89535242776357,1.0802536476767308,0.10243902439024388,0.0
2020-07-13,95,0.0,89.7142857142857,2.0,0.8571428571428571,0.0,0.0,0.0,55.57643594078064,1.0643452363110835,0.08360128617363316,0.0
2020-07-14,98,0.0,90.85714285714285,3.0,1.1428571428571428,0.0,0.0,0.0,62.373918093134854,1.05713652789616,0.07484076433121001,0.0
2020-07-15,103,0.0,92.42857142857143,5.0,1.5714285714285714,0.0,0.0,0.0,67.67889173032385,1.0525423468752275,0.06918238993710679,0.0
2020-07-16,107,0.0,94.57142857142857,4.0,2.1428571428571423,0.0,0.0,0.0,65.7890277030369,1.0540917997174797,0.07109737248840797,0.0
2020-07-17,112,0.0,97.0,5.0,2.4285714285714284,0.0,0.0,0.0,58.14485248117675,1.061417422455982,0.08006042296072502,0.0
2020-07-18,118,0.0,100.14285714285714,6.0,3.1428571428571423,0.0,0.0,0.0,49.01097119770474,1.0732736580489717,0.09425625920471281,0.0
2020-07-19,124,0.0,103.71428571428572,6.0,3.571428571428571,0.0,0.0,0.0,40.579742166455986,1.0891587043491002,0.1126961483594866,0.0
2020-07-20,133,0.0,108.14285714285714,9.0,4.428571428571428,0.0,0.0,0.0,33.460005088674095,1.1091328159631928,0.13498622589531706,0.0
2020-07-21,136,0.0,113.57142857142857,3.0,5.428571428571428,0.0,0.0,0.0,27.858863132407635,1.1324725617763762,0.1598414795244386,0.0
2020-07-22,139,0.0,119.0,3.0,5.428571428571429,0.0,0.0,0.0,23.55402289379314,1.1585159951119781,0.18616352201257858,0.0
2020-07-23,147,0.0,124.14285714285714,8.0,5.142857142857143,0.0,0.0,0.0,21.117076542414964,1.1783557818721735,0.2052821128451381,0.0
2020-07-24,147,0.0,129.85714285714286,0.0,5.7142857142857135,0.0,0.0,0.0,19.66598158664284,1.1927123489928124,0.21864211737629458,0.0
2020-07-25,151,0.0,134.85714285714286,4.0,5.0,0.0,0.0,0.0,18.67334673610236,1.2039381860782148,0.2288228822882289,0.0
2020-07-26,159,0.0,139.57142857142856,8.0,4.7142857142857135,0.0,0.0,0.0,18.478564178486476,1.2062958626529892,0.23093220338983045,0.0
2020-07-27,163,0.0,144.57142857142858,4.0,5.0,0.0,0.0,0.0,19.018366368760713,1.199891335572106,0.22517911975435,0.0
2020-07-28,167,0.0,148.85714285714283,4.0,4.285714285714286,0.0,0.0,0.0,20.104397857411104,1.1881374984858268,0.21442687747035583,0.0
2020-07-29,169,0.0,153.28571428571428,2.0,4.428571428571428,0.0,0.0,0.0,21.674049261362804,1.173396526433541,0.20057581573896344,0.0
2020-07-30,185,0.0,157.57142857142856,16.0,4.285714285714285,0.0,0.0,0.0,23.00951324818333,1.1625569767619395,0.19012115563839704,0.0
2020-07-31,195,0.0,162.99999999999997,10.0,5.428571428571428,0.0,0.0,0.0,25.0823604929065,1.1481755820020663,0.17588395285584757,0.0
2020-08-01,195,0.0,169.85714285714283,0.0,6.857142857142856,0.0,0.0,0.0,25.599763424075718,1.144973576900983,0.17265556529360193,0.0
2020-08-02,195,0.0,176.14285714285714,0.0,6.285714285714285,0.0,0.0,0.0,24.70719784171128,1.150587081318276,0.17830109335576116,0.0
2020-08-03,202,0.0,181.28571428571428,7.0,5.142857142857142,0.0,0.0,0.0,24.564548658036447,1.1515247056373947,0.17923763179237628,0.0
2020-08-04,202,0.0,186.85714285714286,0.0,5.571428571428571,0.0,0.0,0.0,24.61869236665042,1.151167452889744,0.17888100866824286,0.0
2020-08-05,207,0.0,191.85714285714286,5.0,5.0,0.0,0.0,0.0,24.50015614940637,1.1519517833934758,0.17966360856269115,0.0
2020-08-06,224,0.0,197.28571428571428,17.0,5.428571428571428,0.0,0.0,0.0,24.645586447046988,1.1509906240202163,0.17870439314966502,0.0
2020-08-07,230,0.0,202.85714285714283,6.0,5.571428571428571,0.0,0.0,0.0,25.416233673695356,1.1460934338633202,0.17378711078928322,0.0
2020-08-08,243,0.0,207.85714285714286,13.0,4.999999999999999,0.0,0.0,0.0,27.328568270808834,1.1352096235328493,0.16267605633802817,0.0
2020-08-09,246,0.0,214.7142857142857,3.0,6.857142857142856,0.0,0.0,0.0,29.307543952692416,1.1255300211277688,0.15257731958762888,0.0
2020-08-10,249,0.0,222.0,3.0,7.285714285714285,0.0,0.0,0.0,28.670553784207105,1.128491034790652,0.15568862275449102,0.0
2020-08-11,249,0.0,228.71428571428572,0.0,6.714285714285714,0.0,0.0,0.0,28.154969127189233,1.1309918591905614,0.15830115830115832,0.0
2020-08-12,261,0.0,235.4285714285714,12.0,6.714285714285714,0.0,0.0,0.0,27.611886975520097,1.133733402869679,0.16114928169893816,0.0
