date,npatients,ndeaths,Cases Total(Ave7),Cases Day,Cases Day(Ave7),Deaths Total(Ave7),Deaths Day,Deaths Day(Ave7),Td7,R0,K,CFR
2020-03-18,105,2.0,,,,,,,,,,
2020-03-19,112,2.0,,7.0,,,0.0,,,,,
2020-03-20,123,3.0,,11.0,,,1.0,,,,,
2020-03-21,130,4.0,,7.0,,,1.0,,,,,
2020-03-22,132,4.0,,2.0,,,0.0,,,,,
2020-03-23,146,4.0,,14.0,,,0.0,,,,,
2020-03-24,160,5.0,,14.0,,,1.0,,,,,
2020-03-25,201,5.0,129.71428571428572,41.0,,3.428571428571429,0.0,,,,,0.02643171806167401
2020-03-26,227,5.0,143.42857142857144,26.0,13.714285714285714,3.8571428571428568,0.0,0.42857142857142855,,,,0.026892430278884456
2020-03-27,227,5.0,159.85714285714286,0.0,16.428571428571427,4.285714285714286,0.0,0.42857142857142855,,,,0.026809651474530828
2020-03-28,368,5.0,174.7142857142857,141.0,14.857142857142856,4.571428571428571,0.0,0.2857142857142857,,,,0.02616516762060507
2020-03-29,436,5.0,208.71428571428567,68.0,34.0,4.714285714285714,0.0,0.14285714285714285,,,,0.02258726899383984
2020-03-30,449,6.0,252.1428571428571,13.0,43.42857142857143,4.857142857142857,1.0,0.14285714285714285,,,,0.019263456090651557
2020-03-31,527,6.0,295.42857142857144,78.0,43.285714285714285,5.142857142857142,0.0,0.2857142857142857,,,,0.01740812379110251
2020-04-01,593,7.0,347.85714285714283,66.0,52.42857142857143,5.285714285714285,1.0,0.14285714285714285,5.894875921344922,2.2775330396475773,0.5609284332688588,0.015195071868583161
2020-04-02,690,7.0,403.85714285714283,97.0,56.0,5.571428571428571,0.0,0.2857142857142857,5.476611920210834,2.425298804780876,0.5876796714579055,0.013795542978422356
2020-04-03,779,12.0,469.99999999999994,89.0,66.14285714285714,5.857142857142857,5.0,0.2857142857142857,5.235359917318972,2.526362823949955,0.6041740360806509,0.012462006079027357
2020-04-04,897,12.0,548.8571428571429,118.0,78.85714285714285,6.857142857142857,0.0,0.9999999999999999,4.903117274155056,2.6901062959934587,0.6282674772036474,0.012493492972410201
2020-04-05,1040,12.0,624.4285714285713,143.0,75.57142857142857,7.857142857142858,0.0,0.9999999999999999,5.0182760564801665,2.6297056810403836,0.6197293076522645,0.012582932967284377
2020-04-06,1123,16.0,710.7142857142857,83.0,86.28571428571429,8.857142857142858,4.0,0.9999999999999999,5.350474440896385,2.4764872521246457,0.5962022420498742,0.012462311557788945
2020-04-07,1203,16.0,807.0,80.0,96.28571428571429,10.285714285714285,0.0,1.4285714285714284,5.527216114782554,2.405705996131528,0.584321608040201,0.012745618693574082
2020-04-08,1347,18.0,903.5714285714286,144.0,96.57142857142858,11.714285714285715,2.0,1.4285714285714284,5.76571244105827,2.3199178644763867,0.5689502566825988,0.012964426877470358
2020-04-09,1528,18.0,1011.2857142857143,181.0,107.71428571428572,13.285714285714286,0.0,1.5714285714285712,6.025166621900358,2.237354085603113,0.5530434782608695,0.01313744879220229
2020-04-10,1717,19.0,1131.0,189.0,119.7142857142857,14.857142857142856,1.0,1.5714285714285712,6.332217102788977,2.1516717325227965,0.5352450911145643,0.013136288998357963
2020-04-11,1914,19.0,1265.0,197.0,134.0,15.857142857142854,0.0,1.0,6.710789581644475,2.060645497136908,0.5147151698875836,0.01253529079616036
2020-04-12,2080,19.0,1410.2857142857142,166.0,145.28571428571428,16.857142857142858,0.0,1.0,6.872657026913077,2.0258522077327847,0.5063805759457933,0.011952998379254457
2020-04-13,2171,19.0,1558.8571428571427,91.0,148.57142857142856,17.857142857142854,0.0,1.0,7.080391696044472,1.984321608040201,0.49604943273906,0.011455278592375367
2020-04-14,2332,19.0,1708.5714285714284,161.0,149.7142857142857,18.285714285714285,0.0,0.42857142857142855,7.369599073821539,1.9316693220038943,0.4823130498533724,0.010702341137123745
2020-04-15,2457,19.0,1869.8571428571427,125.0,161.28571428571428,18.71428571428571,0.0,0.42857142857142855,7.616311925882196,1.8909090909090909,0.47115384615384615,0.010008404003361601
2020-04-16,2606,19.0,2028.4285714285713,149.0,158.57142857142858,18.857142857142854,0.0,0.14285714285714285,7.894107103019307,1.848989970334793,0.45916418366567335,0.009296429326008873
2020-04-17,2807,19.0,2182.4285714285716,201.0,153.99999999999997,19.0,0.0,0.14285714285714285,8.30600685346559,1.7934823796892765,0.4424255229241496,0.00870589775479479
2020-04-18,2988,19.0,2338.142857142857,181.0,155.71428571428572,19.0,0.0,0.0,8.896830489793368,1.7252399774138905,0.4203704915886627,0.008126107411254354
2020-04-19,3095,19.0,2491.571428571428,107.0,153.42857142857142,19.0,0.0,0.0,9.597249943096292,1.6579213938411668,0.3968350950082483,0.007625709535003728
2020-04-20,3197,19.0,2636.5714285714284,102.0,144.99999999999997,19.0,0.0,0.0,10.346348270946407,1.59833211143695,0.37434780115819044,0.007206328565236238
2020-04-21,3320,19.0,2783.1428571428573,123.0,146.57142857142858,19.0,0.0,0.0,11.184386246102548,1.5431438127090302,0.3519722583441699,0.00682681449543168
2020-04-22,3452,19.0,2924.285714285714,132.0,141.1428571428571,19.0,0.0,0.0,12.199650892878221,1.4884253953701585,0.32814906067138905,0.006497313141182218
2020-04-23,3586,19.0,3066.4285714285716,134.0,142.14285714285714,19.0,0.0,0.0,13.26456541854633,1.4416508204803156,0.30635075720566685,0.006196133240158397
2020-04-24,3747,19.0,3206.428571428571,161.0,140.0,19.0,0.0,0.0,14.267518573770678,1.4050533481704524,0.2882832518052644,0.005925595901091558
2020-04-25,3850,19.0,3340.7142857142853,103.0,134.28571428571428,19.0,0.0,0.0,15.364213399527463,1.3713569988391274,0.27079527734462017,0.00568740645713064
2020-04-26,3922,19.0,3463.8571428571427,72.0,123.14285714285712,19.0,0.0,0.0,16.544526007205945,1.3408061464365577,0.25418002993371824,0.005485214665731843
2020-04-27,3961,19.0,3581.9999999999995,39.0,118.14285714285714,19.0,0.0,0.0,17.779297229777303,1.3137732986562636,0.2388336701447602,0.005304299274148521
2020-04-28,4073,19.0,3691.142857142857,112.0,109.14285714285712,19.0,0.0,0.0,19.22810824883707,1.2870341854019092,0.22301986121081585,0.005147457233532007
2020-04-29,4120,19.0,3798.714285714285,47.0,107.57142857142857,19.0,0.0,0.0,20.834368873017166,1.262237420615535,0.20775601826766776,0.005001692301906661
2020-04-30,4166,19.0,3894.1428571428564,46.0,95.42857142857142,19.0,0.0,0.0,22.657251488857067,1.238807360819939,0.19277199052310912,0.004879122491654134
2020-05-01,4331,19.0,3976.999999999999,165.0,82.85714285714285,19.0,0.0,0.0,24.969809591519038,1.2144798396079304,0.17660222311896978,0.004777470455116923
2020-05-02,4491,19.0,4060.428571428571,160.0,83.42857142857142,19.0,0.0,0.0,27.83035057380646,1.190463972632029,0.1599913790006824,0.004679309010308553
2020-05-03,4582,19.0,4152.0,91.0,91.57142857142856,19.0,0.0,0.0,30.534007760537516,1.1722274920608735,0.14692326636878583,0.004576107899807322
2020-05-04,4669,19.0,4246.285714285715,87.0,94.28571428571428,19.0,0.0,0.0,32.85750867149385,1.1591289782244558,0.13728323699421974,0.004474498721571793
2020-05-05,4727,19.0,4347.428571428571,58.0,101.14285714285714,19.0,0.0,0.0,34.63051450267865,1.1503986376654542,0.13073610550396997,0.004370399579390116
2020-05-06,4765,19.0,4440.857142857143,38.0,93.42857142857142,19.0,0.0,0.0,35.96177647962937,1.144447369410703,0.12621582544689802,0.00427845332303931
2020-05-07,4777,19.0,4532.999999999999,12.0,92.14285714285715,19.0,0.0,0.0,36.933008717537525,1.1403939983124842,0.123110081708808,0.004191484667990294
2020-05-08,4810,171.0,4620.285714285714,33.0,87.28571428571428,19.0,152.0,0.0,37.0790994338767,1.1398038722655268,0.12265607765276865,0.004112299795930988
2020-05-09,4846,180.0,4688.714285714286,36.0,68.42857142857142,40.71428571428571,9.0,21.71428571428571,37.56371210757325,1.1378812933187912,0.12117370601694388,0.00868346485481856
2020-05-10,4868,180.0,4739.428571428571,22.0,50.71428571428571,63.71428571428571,0.0,22.999999999999996,39.91198264808682,1.1292664464629785,0.11446939459492411,0.013443453098625513
2020-05-11,4883,189.0,4780.285714285714,15.0,40.857142857142854,86.71428571428571,9.0,22.999999999999996,44.16078418347482,1.1161351096756826,0.10405112129250038,0.018139979678441217
2020-05-12,4987,196.0,4810.857142857142,104.0,30.571428571428566,110.99999999999999,7.0,24.28571428571428,51.11932125501174,1.0995662460567823,0.0905504751658599,0.02307281149780259
2020-05-13,4997,203.0,4848.0,10.0,37.14285714285714,136.28571428571428,7.0,25.28571428571428,60.62926384356638,1.0833172489223442,0.07690937165934175,0.02811173974540311
2020-05-14,5027,212.0,4881.142857142857,30.0,33.142857142857146,162.57142857142856,9.0,26.28571428571428,72.22187896019751,1.069490403706155,0.0649752475247527,0.033306017326153126
2020-05-15,5036,219.0,4916.857142857142,9.0,35.714285714285715,190.1428571428571,7.0,27.571428571428566,88.34267140470538,1.056459093438872,0.053441816904706174,0.03867162531233657
2020-05-16,5050,230.0,4949.142857142857,14.0,32.285714285714285,196.99999999999997,11.0,6.857142857142857,102.12407859651051,1.04865787148472,0.04640013946190924,0.03980487241658007
2020-05-17,5055,237.0,4978.285714285715,5.0,29.14285714285714,204.14285714285714,7.0,7.142857142857142,112.06174862121291,1.0442488545936823,0.042373859831428384,0.04100665748393021
2020-05-18,5065,241.0,5005.0,10.0,26.71428571428571,212.28571428571428,4.0,8.142857142857142,119.55147901312522,1.0414201183431955,0.039772727272727404,0.04241472812901384
2020-05-19,5070,244.0,5031.0,5.0,25.999999999999996,219.7142857142857,3.0,7.428571428571428,122.64325768979123,1.0403551490675853,0.03878978164692459,0.043672090183718086
2020-05-20,5075,247.0,5042.857142857143,5.0,11.857142857142856,226.57142857142856,3.0,6.857142857142857,130.95006506527815,1.0377475247524752,0.03637447823494333,0.04492917847025495
2020-05-21,5133,256.0,5054.0,58.0,11.14285714285714,232.85714285714283,9.0,6.285714285714286,148.86528372008488,1.033130414422852,0.032067988668555314,0.04607383119452767
2020-05-22,5136,263.0,5069.142857142857,3.0,15.142857142857142,239.1428571428571,7.0,6.285714285714286,176.37028515885729,1.0278923818931955,0.027135507942789405,0.047176192086574226
2020-05-23,5138,271.0,5083.428571428571,2.0,14.285714285714285,245.4285714285714,8.0,6.285714285714285,202.52791944064086,1.0242466227918254,0.023672641190395693,0.048280125899280574
2020-05-24,5152,280.0,5096.0,14.0,12.571428571428571,251.28571428571428,9.0,5.857142857142856,232.15064953654985,1.0211202938475663,0.020683453237409832,0.04931038349405696
2020-05-25,5160,288.0,5109.857142857143,8.0,13.857142857142858,257.4285714285714,8.0,6.142857142857143,269.2803941591286,1.018181818181818,0.017857142857142905,0.050378819648298795
2020-05-26,5170,292.0,5123.428571428571,10.0,13.571428571428571,264.1428571428571,4.0,6.7142857142857135,311.97398354492094,1.0156742482323877,0.01543235762811379,0.05155587776042828
2020-05-27,5180,296.0,5137.714285714285,10.0,14.285714285714285,271.0,4.0,6.857142857142856,306.10164203572623,1.0159773371104814,0.015726076288199664,0.05274719163608053
2020-05-28,5195,299.0,5152.714285714285,15.0,15.0,278.0,3.0,6.999999999999998,295.34620995182894,1.0165639663067443,0.01629407184962728,0.05395214727328177
2020-05-29,5217,302.0,5161.571428571428,22.0,8.857142857142856,284.1428571428571,3.0,6.142857142857142,296.7261417748632,1.0164863036861684,0.016218913748648367,0.055049680329910596
2020-05-30,5231,304.0,5173.142857142857,14.0,11.57142857142857,289.7142857142857,2.0,5.571428571428571,318.0590515533501,1.0153720773381296,0.015139354017326023,0.05600353473986524
2020-05-31,5236,305.0,5186.428571428571,5.0,13.285714285714285,294.42857142857144,1.0,4.7142857142857135,322.9414653535312,1.0151379233011886,0.014912183806472967,0.056769040077124376
2020-06-01,5249,305.0,5198.428571428572,13.0,11.999999999999998,298.0,0.0,3.5714285714285707,326.21155057184694,1.014985042914255,0.014763806638203869,0.05732501580147847
2020-06-02,5283,306.0,5211.142857142857,34.0,12.714285714285714,300.4285714285714,1.0,2.4285714285714284,333.8738789133475,1.0146386348427394,0.014427436862788356,0.057651187016832056
2020-06-03,5295,306.0,5227.285714285714,12.0,16.142857142857142,302.4285714285714,0.0,2.0,341.91135977396635,1.0142920698476254,0.014090684796315589,0.05785575688010713
2020-06-04,5323,307.0,5243.714285714285,28.0,16.42857142857143,303.85714285714283,1.0,1.4285714285714284,337.6843425811861,1.014472261498794,0.014265803066327742,0.05794692965727674
2020-06-05,5343,309.0,5262.0,20.0,18.285714285714285,304.99999999999994,2.0,1.1428571428571426,307.30433625460995,1.015914311809803,0.015665013894186175,0.05796275180539718
2020-06-06,5369,311.0,5280.0,26.0,17.999999999999996,306.0,2.0,0.9999999999999999,284.89777839617807,1.0171766265326412,0.01688657218873868,0.05795454545454545
2020-06-07,5383,311.0,5299.714285714286,14.0,19.714285714285715,307.0,0.0,0.9999999999999999,271.354600189864,1.0180415920672086,0.01772186147186161,0.057927651086311926
2020-06-08,5396,311.0,5320.714285714286,13.0,21.0,307.8571428571429,0.0,0.8571428571428571,251.44575771687687,1.0194839099727941,0.019111542401207715,0.05786011545173849
2020-06-09,5408,311.0,5341.714285714286,12.0,21.0,308.7142857142857,0.0,0.8571428571428571,233.17687146317823,1.0210263720598718,0.020593368237347476,0.057793110825845095
2020-06-10,5426,311.0,5359.571428571428,18.0,17.857142857142858,309.42857142857144,0.0,0.7142857142857142,224.06599783299637,1.0218906288431584,0.021421694480102893,0.05773382733160967
2020-06-11,5448,311.0,5378.285714285714,22.0,18.714285714285715,310.1428571428571,0.0,0.7142857142857142,222.02090620659627,1.0220944804664087,0.021616867020284203,0.05766574585635359
2020-06-12,5473,313.0,5396.142857142857,25.0,17.857142857142858,310.71428571428567,2.0,0.5714285714285714,221.97452683185261,1.0220991475267416,0.021621334466638276,0.05758081169089031
2020-06-13,5497,314.0,5414.714285714286,24.0,18.57142857142857,311.2857142857143,1.0,0.5714285714285714,222.99660075033546,1.021996753246753,0.021523310301008625,0.05748885312508244
2020-06-14,5544,314.0,5433.0,47.0,18.285714285714285,311.71428571428567,0.0,0.42857142857142855,226.02058831985457,1.0216992829802145,0.021238424399124045,0.057374247324551014
2020-06-15,5592,314.0,5456.0,48.0,23.0,312.1428571428571,0.0,0.42857142857142855,232.33343263189747,1.0211035038260168,0.020667350319476085,0.057210934227063255
2020-06-16,5619,316.0,5484.0,27.0,28.0,312.57142857142856,2.0,0.42857142857142855,229.2013502277867,1.0213949507916131,0.020946795140343477,0.056996978222361154
2020-06-17,5633,317.0,5514.142857142857,14.0,30.142857142857142,313.2857142857142,1.0,0.7142857142857142,211.4105579194797,1.0232161420156196,0.02268938209857252,0.05681494339231585
2020-06-18,5674,317.0,5543.714285714284,41.0,29.57142857142857,314.14285714285717,0.0,0.857142857142857,194.4971433634995,1.0252603059923502,0.024637943988186306,0.05666649487192704
2020-06-19,5709,320.0,5575.999999999999,35.0,32.285714285714285,315.0,3.0,0.857142857142857,179.83595723032315,1.0273475763111215,0.026619594908003696,0.056492109038737456
2020-06-20,5748,320.0,5609.714285714285,39.0,33.714285714285715,316.0,0.0,1.0,165.3074185340961,1.0297865604305725,0.028924984627997308,0.05633085463991036
2020-06-21,5783,320.0,5645.571428571428,35.0,35.857142857142854,316.85714285714283,0.0,0.8571428571428571,151.5865275394213,1.0325260971312875,0.031501477029642344,0.05612490194589944
2020-06-22,5812,321.0,5679.714285714285,29.0,34.14285714285714,317.7142857142857,1.0,0.8571428571428571,142.05707311016528,1.0347454964390448,0.03357878488828159,0.055938427486292075
2020-06-23,5840,323.0,5711.142857142857,28.0,31.428571428571427,318.71428571428567,2.0,1.0,138.36784988529647,1.0356882359070543,0.03445847376628597,0.05580569313122217
2020-06-24,5895,325.0,5742.714285714284,55.0,31.571428571428573,319.71428571428567,2.0,0.9999999999999999,138.22292876169448,1.0357263141532165,0.03449397168442647,0.05567302669220628
2020-06-25,5943,325.0,5780.142857142857,48.0,37.42857142857143,320.8571428571429,0.0,1.1428571428571428,137.57893897638866,1.0358965108488378,0.034652603298589546,0.055510244432910714
2020-06-26,5997,325.0,5818.571428571428,54.0,38.42857142857143,322.0,0.0,1.1428571428571428,134.94082972925085,1.036610985857758,0.03531796050517799,0.05534004419346919
2020-06-27,6054,325.0,5859.714285714285,57.0,41.142857142857146,322.7142857142857,0.0,0.7142857142857142,132.73238709331594,1.0372313334012428,0.035894917751043476,0.05507338241747526
2020-06-28,6114,325.0,5903.428571428571,60.0,43.71428571428571,323.4285714285714,0.0,0.7142857142857142,130.32782953266855,1.0379311217389104,0.036544931493490584,0.05478656470815991
2020-06-29,6171,325.0,5950.714285714285,57.0,47.28571428571428,324.1428571428571,0.0,0.7142857142857142,125.59495396677042,1.0393882992102217,0.03789565385732252,0.054471251950546154
2020-06-30,6225,325.0,6002.0,54.0,51.28571428571428,324.71428571428567,0.0,0.5714285714285714,118.07694136919542,1.0419480714392917,0.040259272596327,0.0541010139477317
2020-07-01,6292,325.0,6057.0,67.0,54.99999999999999,325.0,0.0,0.2857142857142857,109.87194206436547,1.045150376875047,0.04319988575236844,0.05365692587089318
2020-07-02,6399,325.0,6113.714285714286,107.0,56.714285714285715,325.0,0.0,0.0,103.70637427596637,1.0478979758285758,0.04570862520342467,0.0531591737545565
2020-07-03,6523,325.0,6178.857142857143,124.0,65.14285714285714,325.0,0.0,0.0,98.06099144522663,1.0507242818561258,0.04827553977007204,0.052598723758438916
2020-07-04,6654,325.0,6254.0,131.0,75.14285714285714,325.0,0.0,0.0,91.49167139774102,1.054463893900239,0.051650790714880324,0.05196674128557723
2020-07-05,6765,325.0,6339.714285714285,111.0,85.71428571428571,325.0,0.0,0.0,84.10819177637121,1.0593843771174138,0.05605555301749754,0.05126413988913426
2020-07-06,6867,325.0,6432.714285714285,102.0,92.99999999999999,325.0,0.0,0.0,76.62418144861304,1.0653703036850317,0.06135923205191762,0.05052299629127896
2020-07-07,6973,325.0,6532.142857142857,106.0,99.42857142857142,325.0,0.0,0.0,70.01099684655914,1.0717617936878183,0.06695685002998064,0.049753963914707496
