date,npatients,ndeaths,Cases Total(Ave7),Cases Day,Cases Day(Ave7),Deaths Total(Ave7),Deaths Day,Deaths Day(Ave7),Td7,R0,K,CFR
2020-03-18,0,0.0,,,,,,,,,,
2020-03-19,0,0.0,,0.0,,,0.0,,,,,
2020-03-20,0,0.0,,0.0,,,0.0,,,,,
2020-03-21,0,0.0,,0.0,,,0.0,,,,,
2020-03-22,0,0.0,,0.0,,,0.0,,,,,
2020-03-23,0,0.0,,0.0,,,0.0,,,,,
2020-03-24,0,0.0,,0.0,,,0.0,,,,,
2020-03-25,0,0.0,0.0,0.0,,0.0,0.0,,,,,
2020-03-26,0,0.0,0.0,0.0,0.0,0.0,0.0,0.0,,,,
2020-03-27,0,0.0,0.0,0.0,0.0,0.0,0.0,0.0,,,,
2020-03-28,0,0.0,0.0,0.0,0.0,0.0,0.0,0.0,,,,
2020-03-29,0,0.0,0.0,0.0,0.0,0.0,0.0,0.0,,,,
2020-03-30,1,0.0,0.0,1.0,0.0,0.0,0.0,0.0,,,,
2020-03-31,3,0.0,0.14285714285714285,2.0,0.14285714285714285,0.0,0.0,0.0,,,,0.0
2020-04-01,5,0.0,0.5714285714285714,2.0,0.42857142857142855,0.0,0.0,0.0,,,,0.0
2020-04-02,8,0.0,1.2857142857142856,3.0,0.7142857142857142,0.0,0.0,0.0,,,,0.0
2020-04-03,8,0.0,2.4285714285714284,0.0,1.1428571428571428,0.0,0.0,0.0,,,,0.0
2020-04-04,10,0.0,3.571428571428571,2.0,1.1428571428571428,0.0,0.0,0.0,,,,0.0
2020-04-05,10,0.0,5.0,0.0,1.4285714285714284,0.0,0.0,0.0,,,,0.0
2020-04-06,11,0.0,6.428571428571429,1.0,1.4285714285714284,0.0,0.0,0.0,,,,0.0
2020-04-07,12,0.0,7.857142857142856,1.0,1.4285714285714284,0.0,0.0,0.0,1.2746153032895675,15.16582643024057,0.9777777777777777,0.0
2020-04-08,14,0.0,9.142857142857142,2.0,1.2857142857142856,0.0,0.0,0.0,1.8511859569887887,6.5023951175442685,0.9272727272727272,0.0
2020-04-09,16,0.0,10.428571428571427,2.0,1.2857142857142856,0.0,0.0,0.0,2.4734326841399827,4.060006794602314,0.859375,0.0
2020-04-10,23,0.0,11.57142857142857,7.0,1.1428571428571428,0.0,0.0,0.0,3.329588786411217,2.8317363347235305,0.7671232876712328,0.0
2020-04-11,23,0.0,13.714285714285712,0.0,2.142857142857143,0.0,0.0,0.0,4.127373546937816,2.315661138092788,0.691358024691358,0.0
2020-04-12,30,0.0,15.57142857142857,7.0,1.8571428571428572,0.0,0.0,0.0,4.80875088095715,2.0559013780255477,0.6354166666666665,0.0
2020-04-13,49,0.0,18.428571428571427,19.0,2.857142857142857,0.0,0.0,0.0,5.484469739501715,1.8812155507817776,0.5871559633027522,0.0
2020-04-14,54,0.0,23.857142857142854,5.0,5.428571428571429,0.0,0.0,0.0,5.691669843724655,1.8384332750416148,0.5736434108527132,0.0
2020-04-15,54,0.0,29.857142857142854,0.0,5.999999999999999,0.0,0.0,0.0,5.05888435706451,1.9839287425884369,0.6167664670658682,0.0
2020-04-16,65,0.0,35.57142857142857,11.0,5.714285714285714,0.0,0.0,0.0,4.612744990208179,2.1198368975008592,0.6507177033492824,0.0
2020-04-17,69,0.0,42.57142857142857,4.0,6.999999999999999,0.0,0.0,0.0,4.320582455207114,2.2303210190703844,0.674698795180723,0.0
2020-04-18,79,0.0,49.14285714285714,10.0,6.57142857142857,0.0,0.0,0.0,4.2834256608046175,2.245894273955328,0.6778523489932886,0.0
2020-04-19,92,1.0,57.14285714285714,13.0,7.999999999999998,0.0,1.0,0.0,4.22174936369999,2.2725990332390458,0.6831395348837209,0.0
2020-04-20,114,2.0,66.0,22.0,8.857142857142856,0.14285714285714285,1.0,0.14285714285714285,4.2875633603667636,2.24414131236974,0.6775,0.0021645021645021645
2020-04-21,115,2.0,75.28571428571428,1.0,9.285714285714285,0.42857142857142855,0.0,0.2857142857142857,4.768247020429574,2.0685264311337472,0.6385281385281385,0.0056925996204933585
2020-04-22,115,2.0,83.99999999999999,0.0,8.714285714285714,0.7142857142857142,0.0,0.2857142857142857,5.246196430640516,1.9359899220128578,0.603415559772296,0.008503401360544218
2020-04-23,150,3.0,92.71428571428571,35.0,8.714285714285714,0.9999999999999999,1.0,0.2857142857142857,5.646662151408808,1.8473777101806552,0.5765306122448979,0.010785824345146378
2020-04-24,163,3.0,104.85714285714285,13.0,12.142857142857142,1.4285714285714284,0.0,0.42857142857142855,6.233824630272132,1.7436081105781962,0.5408320493066257,0.013623978201634877
2020-04-25,175,3.0,118.28571428571428,12.0,13.42857142857143,1.857142857142857,0.0,0.42857142857142855,6.40221554329977,1.718297262114915,0.5313351498637602,0.01570048309178744
2020-04-26,177,3.0,132.0,2.0,13.714285714285714,2.2857142857142856,0.0,0.42857142857142855,6.669011823247775,1.6814854120897005,0.5169082125603865,0.017316017316017316
2020-04-27,181,3.0,144.14285714285714,4.0,12.142857142857142,2.571428571428571,0.0,0.2857142857142857,7.0,1.640670712015276,0.5,0.017839444995044598
2020-04-28,190,3.0,153.7142857142857,9.0,9.571428571428571,2.714285714285714,0.0,0.14285714285714285,7.470241964558072,1.5903258119832626,0.4777006937561943,0.017657992565055763
2020-04-29,190,3.0,164.42857142857142,0.0,10.714285714285715,2.8571428571428568,0.0,0.14285714285714285,8.029456471989752,1.539761769238575,0.45353159851301117,0.017376194613379668
2020-04-30,202,7.0,175.14285714285714,12.0,10.714285714285715,2.9999999999999996,4.0,0.14285714285714285,8.468450996156493,1.5056920661995703,0.43614248479582973,0.017128874388254483
2020-05-01,201,7.0,182.57142857142856,-1.0,7.428571428571428,3.571428571428571,0.0,0.5714285714285714,9.458091731874848,1.4425765377023876,0.401305057096248,0.019561815336463225
2020-05-02,209,9.0,188.0,8.0,5.428571428571428,4.142857142857142,2.0,0.5714285714285714,11.178802067840747,1.3634625898981376,0.352112676056338,0.022036474164133735
2020-05-03,212,10.0,192.85714285714286,3.0,4.857142857142857,5.0,1.0,0.8571428571428571,13.720251418865521,1.2873682635467547,0.2978723404255319,0.025925925925925925
2020-05-04,212,10.0,197.85714285714286,0.0,5.0,6.0,0.0,1.0,16.66534800783849,1.2311646704484098,0.2525925925925926,0.03032490974729242
2020-05-05,216,10.0,202.28571428571425,4.0,4.428571428571429,7.0,0.0,1.0,19.21979185826961,1.1976019693069284,0.2231046931407944,0.03460451977401131
2020-05-06,219,10.0,205.99999999999997,3.0,3.7142857142857144,8.0,0.0,1.0,23.416584603199784,1.1595169261177258,0.1871468926553671,0.03883495145631068
2020-05-07,220,10.0,210.1428571428571,1.0,4.142857142857143,9.0,0.0,1.0,29.9001950007586,1.122894968548094,0.14979195561719827,0.04282800815771585
2020-05-08,216,13.0,212.7142857142857,-4.0,2.571428571428571,9.428571428571429,3.0,0.42857142857142855,34.49815358183853,1.105681060841133,0.1312032630863358,0.044325050369375424
2020-05-09,216,13.0,214.85714285714283,0.0,2.1428571428571423,10.285714285714286,0.0,0.8571428571428571,39.285174849845475,1.0922283240531978,0.11618535930154461,0.04787234042553192
2020-05-10,216,13.0,215.85714285714283,0.0,1.0,10.857142857142858,0.0,0.5714285714285714,44.91637733057112,1.0802146138391677,0.10239361702127647,0.050297816015883526
2020-05-11,221,14.0,216.42857142857142,5.0,0.5714285714285714,11.285714285714285,1.0,0.42857142857142855,55.72463815906104,1.0641687306140455,0.08338848444738567,0.05214521452145214
2020-05-12,221,15.0,217.71428571428572,0.0,1.2857142857142856,11.857142857142856,1.0,0.5714285714285714,71.79742831549265,1.0494550518519616,0.06534653465346552,0.05446194225721784
2020-05-13,222,16.0,218.4285714285714,1.0,0.7142857142857142,12.57142857142857,1.0,0.7142857142857142,87.72838082369631,1.0402960112515645,0.053805774278215424,0.05755395683453238
2020-05-14,224,18.0,218.85714285714283,2.0,0.4285714285714285,13.428571428571427,2.0,0.857142857142857,125.46790542988494,1.028007527543948,0.03793328973185084,0.06135770234986945
2020-05-15,224,18.0,219.42857142857142,0.0,0.5714285714285714,14.571428571428571,0.0,1.1428571428571428,170.43015674892143,1.0205433962576862,0.028067885117493474,0.06640625
2020-05-16,225,18.0,220.57142857142856,1.0,1.1428571428571428,15.285714285714285,0.0,0.7142857142857142,230.4629249508507,1.0151517913361943,0.02083333333333337,0.06930051813471502
2020-05-17,225,18.0,221.85714285714286,0.0,1.2857142857142856,15.999999999999998,0.0,0.7142857142857142,224.5814532169132,1.0155516652092047,0.02137305699481873,0.07211848036059239
2020-05-18,227,20.0,223.1428571428571,2.0,1.2857142857142856,16.714285714285715,2.0,0.7142857142857142,195.85878410178796,1.017852560522626,0.02446877012234394,0.07490396927016647
2020-05-19,227,20.0,223.99999999999997,0.0,0.8571428571428571,17.57142857142857,0.0,0.8571428571428571,197.00800759351486,1.0177475009846115,0.02432778489116505,0.0784438775510204
2020-05-20,227,20.0,224.85714285714283,0.0,0.8571428571428571,18.285714285714285,0.0,0.7142857142857142,192.6402997866062,1.018153518413325,0.024872448979591844,0.08132147395171538
2020-05-21,227,21.0,225.57142857142853,0.0,0.7142857142857142,18.857142857142858,1.0,0.5714285714285714,179.398659668898,1.0195064397878415,0.026683608640406642,0.08359721342621915
2020-05-22,227,21.0,225.99999999999994,0.0,0.42857142857142855,19.285714285714285,0.0,0.42857142857142855,175.73388606390947,1.019917253913684,0.027232425585813624,0.08533501896333756
2020-05-23,227,21.0,226.42857142857136,0.0,0.42857142857142855,19.71428571428571,0.0,0.42857142857142855,199.56183516572784,1.0175184053419786,0.0240202275600504,0.08706624605678236
2020-05-24,227,21.0,226.71428571428564,0.0,0.2857142857142857,20.142857142857142,0.0,0.42857142857142855,237.89286215621115,1.01467511111934,0.020189274447949157,0.08884688090737243
2020-05-25,227,21.0,226.99999999999994,0.0,0.2857142857142857,20.57142857142857,0.0,0.42857142857142855,305.574445846185,1.0114062682413851,0.01575299306868283,0.0906230333543109
2020-05-26,227,21.0,226.99999999999994,0.0,0.0,20.714285714285715,0.0,0.14285714285714285,364.70556225017646,1.0095481278679996,0.013215859030836885,0.09125235997482696
2020-05-27,227,22.0,226.99999999999994,0.0,0.0,20.857142857142858,1.0,0.14285714285714285,511.5618891455369,1.0067978134979467,0.009439899307740585,0.09188168659534302
2020-05-28,227,22.0,226.99999999999994,0.0,0.0,21.142857142857142,0.0,0.2857142857142857,768.5590411727288,1.0045195771058613,0.006293266205160464,0.0931403398363751
2020-05-29,227,22.0,226.99999999999994,0.0,0.0,21.285714285714285,0.0,0.14285714285714285,1098.9830696282352,1.0031585622137176,0.004405286343612369,0.09376966645689115
2020-05-30,227,22.0,226.99999999999994,0.0,0.0,21.428571428571427,0.0,0.14285714285714285,1925.041988089565,1.0018019646085816,0.0025173064820642743,0.09439899307740719
2020-05-31,227,22.0,226.99999999999994,0.0,0.0,21.57142857142857,0.0,0.14285714285714285,3852.51152031252,1.0009000090583857,0.0012586532410321372,0.09502831969792323
2020-06-01,227,22.0,226.99999999999994,0.0,0.0,21.71428571428571,0.0,0.14285714285714285,,,,0.09565764631843929
2020-06-02,227,22.0,226.99999999999994,0.0,0.0,21.857142857142854,0.0,0.14285714285714285,,,,0.09628697293895533
2020-06-03,227,22.0,226.99999999999994,0.0,0.0,22.0,0.0,0.14285714285714285,,,,0.09691629955947138
2020-06-04,227,22.0,226.99999999999994,0.0,0.0,22.0,0.0,0.0,,,,0.09691629955947138
2020-06-05,227,22.0,226.99999999999994,0.0,0.0,22.0,0.0,0.0,,,,0.09691629955947138
2020-06-06,227,22.0,226.99999999999994,0.0,0.0,22.0,0.0,0.0,,,,0.09691629955947138
2020-06-07,227,22.0,226.99999999999994,0.0,0.0,22.0,0.0,0.0,,,,0.09691629955947138
2020-06-08,227,22.0,226.99999999999994,0.0,0.0,22.0,0.0,0.0,,,,0.09691629955947138
2020-06-09,227,22.0,226.99999999999994,0.0,0.0,22.0,0.0,0.0,,,,0.09691629955947138
2020-06-10,227,22.0,226.99999999999994,0.0,0.0,22.0,0.0,0.0,,,,0.09691629955947138
2020-06-11,227,22.0,226.99999999999994,0.0,0.0,22.0,0.0,0.0,,,,0.09691629955947138
2020-06-12,227,22.0,226.99999999999994,0.0,0.0,22.0,0.0,0.0,,,,0.09691629955947138
2020-06-13,227,22.0,226.99999999999994,0.0,0.0,22.0,0.0,0.0,,,,0.09691629955947138
2020-06-14,227,22.0,226.99999999999994,0.0,0.0,22.0,0.0,0.0,,,,0.09691629955947138
2020-06-15,227,22.0,226.99999999999994,0.0,0.0,22.0,0.0,0.0,,,,0.09691629955947138
2020-06-16,227,22.0,226.99999999999994,0.0,0.0,22.0,0.0,0.0,,,,0.09691629955947138
2020-06-17,227,22.0,226.99999999999994,0.0,0.0,22.0,0.0,0.0,,,,0.09691629955947138
2020-06-18,227,22.0,226.99999999999994,0.0,0.0,22.0,0.0,0.0,,,,0.09691629955947138
2020-06-19,227,22.0,226.99999999999994,0.0,0.0,22.0,0.0,0.0,,,,0.09691629955947138
2020-06-20,227,22.0,226.99999999999994,0.0,0.0,22.0,0.0,0.0,,,,0.09691629955947138
2020-06-21,227,22.0,226.99999999999994,0.0,0.0,22.0,0.0,0.0,,,,0.09691629955947138
2020-06-22,227,22.0,226.99999999999994,0.0,0.0,22.0,0.0,0.0,,,,0.09691629955947138
2020-06-23,227,22.0,226.99999999999994,0.0,0.0,22.0,0.0,0.0,,,,0.09691629955947138
2020-06-24,227,22.0,226.99999999999994,0.0,0.0,22.0,0.0,0.0,,,,0.09691629955947138
2020-06-25,227,22.0,226.99999999999994,0.0,0.0,22.0,0.0,0.0,,,,0.09691629955947138
2020-06-26,227,22.0,226.99999999999994,0.0,0.0,22.0,0.0,0.0,,,,0.09691629955947138
2020-06-27,227,22.0,226.99999999999994,0.0,0.0,22.0,0.0,0.0,,,,0.09691629955947138
2020-06-28,227,22.0,226.99999999999994,0.0,0.0,22.0,0.0,0.0,,,,0.09691629955947138
2020-06-29,227,22.0,226.99999999999994,0.0,0.0,22.0,0.0,0.0,,,,0.09691629955947138
2020-06-30,227,22.0,226.99999999999994,0.0,0.0,22.0,0.0,0.0,,,,0.09691629955947138
2020-07-01,227,22.0,226.99999999999994,0.0,0.0,22.0,0.0,0.0,,,,0.09691629955947138
2020-07-02,228,22.0,226.99999999999994,1.0,0.0,22.0,0.0,0.0,,,,0.09691629955947138
2020-07-03,228,22.0,227.1428571428571,0.0,0.14285714285714285,22.0,0.0,0.0,,,,0.0968553459119497
2020-07-04,228,22.0,227.28571428571422,0.0,0.14285714285714285,22.0,0.0,0.0,7712.301850119336,1.0004494786120817,0.0006289308176101738,0.09679446888749217
2020-07-05,228,22.0,227.4285714285714,0.0,0.14285714285714285,22.0,0.0,0.0,3857.3635512173546,1.0008988764625701,0.0012570710245128902,0.09673366834170856
2020-07-06,228,22.0,227.5714285714285,0.0,0.14285714285714285,22.0,0.0,0.0,2572.383948929623,1.001348193616725,0.0018844221105528414,0.09667294413057129
2020-07-07,228,22.0,227.71428571428567,0.0,0.14285714285714285,22.0,0.0,0.0,1929.8940209159298,1.0017974301397112,0.0025109855618329346,0.09661229611041407
2020-07-08,229,22.0,227.85714285714283,1.0,0.14285714285714285,22.0,0.0,0.0,1544.3999627067756,1.0022465860966008,0.0031367628607277265,0.09655172413793105
2020-07-09,230,22.0,228.1428571428571,1.0,0.2857142857142857,22.0,0.0,0.0,1287.403839479668,1.002695661552372,0.0037617554858935254,0.09643080776455856
2020-07-10,230,22.0,228.42857142857142,0.0,0.2857142857142857,22.0,0.0,0.0,1104.528256034841,1.0031426800404641,0.004383218534752653,0.09631019387116949
2020-07-11,230,22.0,228.71428571428572,0.0,0.2857142857142857,22.0,0.0,0.0,967.3715058486964,1.0035890570790884,0.005003126954346682,0.09618988132417239
2020-07-12,230,22.0,229.0,0.0,0.2857142857142857,22.0,0.0,0.0,860.6939779917958,1.0040347940902419,0.0056214865708934525,0.09606986899563319
2020-07-13,230,22.0,229.2857142857143,0.0,0.2857142857142857,22.0,0.0,0.0,775.3519059057904,1.0044798924915677,0.006238303181534954,0.09595015576323987
2020-07-14,230,22.0,229.57142857142858,0.0,0.2857142857142857,22.0,0.0,0.0,705.526529053182,1.0049243536963712,0.006853582554517401,0.09583074051026758
2020-07-15,230,22.0,229.85714285714286,0.0,0.2857142857142857,22.0,0.0,0.0,647.3386737417984,1.0053681791136373,0.007467330429371644,0.09571162212554381
2020-07-16,230,22.0,230.0,0.0,0.14285714285714285,22.0,0.0,0.0,648.1473492336806,1.0053614634624823,0.007458048477315238,0.09565217391304348
2020-07-17,230,22.0,230.0,0.0,0.0,22.0,0.0,0.0,707.7320060203194,1.004908970525851,0.006832298136645987,0.09565217391304348
2020-07-18,231,22.0,230.0,1.0,0.0,22.0,0.0,0.0,865.546021033372,1.0040121306913254,0.005590062111801242,0.09565217391304348
2020-07-19,231,22.0,230.14285714285714,0.0,0.14285714285714285,22.0,0.0,0.0,1113.5391837553418,1.003117209401964,0.004347826086956497,0.09559279950341402
2020-07-20,231,22.0,230.28571428571428,0.0,0.14285714285714285,22.0,0.0,0.0,1300.3426020132404,1.0026688032266924,0.003724394785847185,0.09553349875930521
2020-07-21,233,22.0,230.42857142857142,2.0,0.14285714285714285,22.0,0.0,0.0,1561.867285863498,1.0022214332556052,0.0031017369727046606,0.09547427154370738
2020-07-22,234,22.0,230.85714285714283,1.0,0.42857142857142855,22.0,0.0,0.0,1954.1541848557263,1.0017750958584426,0.0024798512089273528,0.09529702970297031
2020-07-23,235,22.0,231.42857142857142,1.0,0.5714285714285714,22.0,0.0,0.0,1304.3859652432486,1.0026605194187217,0.003712871287128605,0.09506172839506173
2020-07-24,235,22.0,232.1428571428571,0.0,0.7142857142857142,22.0,0.0,0.0,783.6003839890441,1.0044326310655252,0.006172839506172756,0.09476923076923079
2020-07-25,235,22.0,232.85714285714283,0.0,0.7142857142857142,22.0,0.0,0.0,523.2068471341865,1.0066460136588073,0.009230769230769043,0.09447852760736197
2020-07-26,235,22.0,233.4285714285714,0.0,0.5714285714285714,22.0,0.0,0.0,413.8223667186641,1.008410104045431,0.011656441717791344,0.09424724602203184
2020-07-27,236,22.0,233.99999999999994,1.0,0.5714285714285714,22.0,0.0,0.0,357.94202448096166,1.0097294205724523,0.013463892288861579,0.09401709401709404
2020-07-28,236,22.0,234.71428571428567,0.0,0.7142857142857142,22.0,0.0,0.0,315.47278902379765,1.0110464133558574,0.015262515262515097,0.09373097991479004
2020-07-29,236,22.0,235.14285714285717,0.0,0.42857142857142855,22.0,0.0,0.0,292.8223119032587,1.0119059460150293,0.016433353621424174,0.09356014580801943
2020-07-30,238,22.0,235.42857142857144,2.0,0.2857142857142857,22.0,0.0,0.0,304.73838609458375,1.011437739997987,0.015795868772782606,0.09344660194174757
