date,npatients,ndeaths,Cases Total(Ave7),Cases Day,Cases Day(Ave7),Deaths Total(Ave7),Deaths Day,Deaths Day(Ave7),Td7,R0,K,CFR
2020-03-18,13,1.0,,,,,,,,,,
2020-03-19,14,1.0,,1.0,,,0.0,,,,,
2020-03-20,15,1.0,,1.0,,,0.0,,,,,
2020-03-21,15,1.0,,0.0,,,0.0,,,,,
2020-03-22,15,1.0,,0.0,,,0.0,,,,,
2020-03-23,15,1.0,,0.0,,,0.0,,,,,
2020-03-24,15,1.0,,0.0,,,0.0,,,,,
2020-03-25,15,1.0,14.57142857142857,0.0,,0.9999999999999998,0.0,,,,,0.06862745098039215
2020-03-26,15,1.0,14.857142857142854,0.0,0.2857142857142857,0.9999999999999998,0.0,0.0,,,,0.0673076923076923
2020-03-27,15,1.0,14.999999999999998,0.0,0.14285714285714285,0.9999999999999998,0.0,0.0,,,,0.06666666666666667
2020-03-28,17,1.0,14.999999999999998,2.0,0.0,0.9999999999999998,0.0,0.0,,,,0.06666666666666667
2020-03-29,17,1.0,15.285714285714285,0.0,0.2857142857142857,0.9999999999999998,0.0,0.0,,,,0.06542056074766354
2020-03-30,17,1.0,15.571428571428571,0.0,0.2857142857142857,0.9999999999999998,0.0,0.0,,,,0.06422018348623852
2020-03-31,17,1.0,15.857142857142858,0.0,0.2857142857142857,0.9999999999999998,0.0,0.0,,,,0.06306306306306304
2020-04-01,18,1.0,16.142857142857142,1.0,0.2857142857142857,0.9999999999999998,0.0,0.0,57.38150594610739,1.0882352941176472,0.08108108108108125,0.06194690265486724
2020-04-02,20,1.0,16.57142857142857,2.0,0.42857142857142855,0.9999999999999998,0.0,0.0,58.46036562562783,1.0865384615384617,0.07964601769911517,0.06034482758620689
2020-04-03,21,1.0,17.285714285714285,1.0,0.7142857142857142,0.9999999999999998,0.0,0.0,48.70057221521686,1.1047619047619048,0.09482758620689657,0.057851239669421475
2020-04-04,21,1.0,18.142857142857142,0.0,0.857142857142857,0.9999999999999998,0.0,0.0,34.21013592270613,1.1523809523809525,0.1322314049586777,0.055118110236220465
2020-04-05,25,1.0,18.71428571428571,4.0,0.5714285714285714,0.9999999999999998,0.0,0.0,28.31512464315683,1.1869158878504673,0.15748031496062997,0.05343511450381679
2020-04-06,27,1.0,19.857142857142854,2.0,1.1428571428571428,0.9999999999999998,0.0,0.0,26.391324543969482,1.201834862385321,0.16793893129770987,0.050359712230215826
2020-04-07,28,1.0,21.28571428571429,1.0,1.4285714285714284,0.9999999999999998,0.0,0.0,21.569973187061912,1.2522522522522521,0.20143884892086317,0.04697986577181206
2020-04-08,29,1.0,22.857142857142854,1.0,1.5714285714285712,0.9999999999999998,0.0,0.0,17.54431878935506,1.3185840707964605,0.24161073825503365,0.04375
2020-04-09,32,1.0,24.428571428571427,3.0,1.5714285714285712,0.9999999999999998,0.0,0.0,15.087927058115604,1.3793103448275863,0.275,0.040935672514619874
2020-04-10,33,1.0,26.14285714285714,1.0,1.7142857142857142,0.9999999999999998,0.0,0.0,14.028357550105067,1.4132231404958677,0.29239766081871343,0.03825136612021858
2020-04-11,33,1.0,27.857142857142854,0.0,1.7142857142857142,0.9999999999999998,0.0,0.0,13.282350573638587,1.4409448818897637,0.30601092896174853,0.035897435897435895
2020-04-12,34,1.0,29.57142857142857,1.0,1.7142857142857142,0.9999999999999998,0.0,0.0,12.197091500747874,1.4885496183206108,0.32820512820512826,0.033816425120772944
2020-04-13,34,1.0,30.857142857142858,0.0,1.2857142857142856,0.9999999999999998,0.0,0.0,12.183535180538854,1.4892086330935252,0.3285024154589372,0.0324074074074074
2020-04-14,35,1.0,31.857142857142858,1.0,0.9999999999999998,0.9999999999999998,0.0,0.0,13.06655212732949,1.4496644295302012,0.3101851851851851,0.031390134529147976
2020-04-15,37,1.0,32.85714285714286,2.0,0.9999999999999998,0.9999999999999998,0.0,0.0,14.61463895462188,1.3937500000000003,0.282511210762332,0.030434782608695643
2020-04-16,38,1.0,34.0,1.0,1.1428571428571428,0.9999999999999998,0.0,0.0,16.36900274124388,1.3450292397660821,0.25652173913043497,0.029411764705882346
2020-04-17,39,1.0,34.857142857142854,1.0,0.857142857142857,0.9999999999999998,0.0,0.0,18.463911986115377,1.3005464480874318,0.23109243697478998,0.02868852459016393
2020-04-18,40,1.0,35.71428571428571,1.0,0.857142857142857,0.9999999999999998,0.0,0.0,21.644551554457166,1.2512820512820513,0.2008196721311476,0.027999999999999997
2020-04-19,46,1.0,36.714285714285715,6.0,0.9999999999999998,0.9999999999999998,0.0,0.0,25.707193210221472,1.2077294685990336,0.17199999999999993,0.027237354085603106
2020-04-20,46,1.0,38.42857142857142,0.0,1.714285714285714,0.9999999999999998,0.0,0.0,27.917693387970036,1.1898148148148149,0.15953307392996108,0.02602230483271375
2020-04-21,47,1.0,40.14285714285714,1.0,1.714285714285714,0.9999999999999998,0.0,0.0,25.872029444857457,1.2062780269058295,0.17100371747211884,0.024911032028469747
2020-04-22,49,1.0,41.857142857142854,2.0,1.714285714285714,0.9999999999999998,0.0,0.0,24.226795817385124,1.2217391304347824,0.18149466192170804,0.02389078498293515
2020-04-23,50,1.0,43.57142857142857,1.0,1.714285714285714,0.9999999999999998,0.0,0.0,23.33807165312894,1.2310924369747898,0.18771331058020468,0.022950819672131143
2020-04-24,52,1.0,45.28571428571428,2.0,1.714285714285714,0.9999999999999998,0.0,0.0,21.743986036537727,1.25,0.20000000000000007,0.022082018927444793
2020-04-25,57,1.0,47.14285714285714,5.0,1.8571428571428568,0.9999999999999998,0.0,0.0,20.434689906998976,1.268,0.21135646687697163,0.02121212121212121
2020-04-26,58,1.0,49.57142857142857,1.0,2.428571428571428,0.9999999999999998,0.0,0.0,19.406834804411766,1.2840466926070038,0.22121212121212108,0.020172910662824204
2020-04-27,59,1.0,51.285714285714285,1.0,1.714285714285714,0.9999999999999998,0.0,0.0,19.056460725730673,1.2899628252788105,0.2247838616714698,0.01949860724233983
2020-04-28,60,2.0,53.14285714285714,1.0,1.8571428571428568,0.9999999999999998,1.0,0.0,19.80681487612173,1.2775800711743772,0.21727019498607247,0.018817204301075266
2020-04-29,60,2.0,55.0,0.0,1.8571428571428568,1.1428571428571428,0.0,0.14285714285714285,20.325087776392852,1.2696245733788396,0.2123655913978495,0.02077922077922078
2020-04-30,62,2.0,56.57142857142856,2.0,1.5714285714285712,1.2857142857142856,0.0,0.14285714285714285,20.830282990583633,1.2622950819672132,0.20779220779220786,0.022727272727272728
2020-05-01,62,2.0,58.28571428571428,0.0,1.714285714285714,1.4285714285714284,0.0,0.14285714285714285,21.805658690864654,1.249211356466877,0.1994949494949495,0.024509803921568627
2020-05-02,62,2.0,59.7142857142857,0.0,1.4285714285714284,1.5714285714285712,0.0,0.14285714285714285,22.868110012496132,1.2363636363636363,0.19117647058823528,0.026315789473684213
2020-05-03,62,2.0,60.428571428571416,0.0,0.7142857142857142,1.714285714285714,0.0,0.14285714285714285,26.064232444711006,1.2046109510086453,0.16985645933014337,0.028368794326241134
2020-05-04,62,2.0,60.999999999999986,0.0,0.5714285714285714,1.8571428571428568,0.0,0.14285714285714285,29.576570914329867,1.1782729805013925,0.15130023640661927,0.030444964871194382
2020-05-05,62,2.0,61.428571428571416,0.0,0.42857142857142855,1.9999999999999996,0.0,0.14285714285714285,35.18764718725319,1.1478494623655913,0.1288056206088991,0.03255813953488372
2020-05-06,62,2.0,61.7142857142857,0.0,0.2857142857142857,1.9999999999999996,0.0,0.0,43.89314266890484,1.1168831168831166,0.10465116279069753,0.032407407407407406
2020-05-07,62,2.0,61.999999999999986,0.0,0.2857142857142857,1.9999999999999996,0.0,0.0,55.76317065408467,1.0909090909090908,0.08333333333333326,0.03225806451612903
2020-05-08,62,2.0,61.999999999999986,0.0,0.0,1.9999999999999996,0.0,0.0,78.54058975289423,1.0637254901960784,0.05990783410138245,0.03225806451612903
2020-05-09,62,2.0,61.999999999999986,0.0,0.0,1.9999999999999996,0.0,0.0,129.17011802521387,1.0382775119617225,0.03686635944700456,0.03225806451612903
2020-05-10,62,2.0,61.999999999999986,0.0,0.0,1.9999999999999996,0.0,0.0,188.99825332306844,1.0260047281323876,0.025345622119815614,0.03225806451612903
2020-05-11,62,3.0,61.999999999999986,0.0,0.0,1.9999999999999996,1.0,0.0,298.3932865484142,1.0163934426229508,0.016129032258064502,0.03225806451612903
2020-05-12,63,3.0,61.999999999999986,1.0,0.0,2.1428571428571423,0.0,0.14285714285714285,524.0155246314093,1.0093023255813953,0.009216589861751112,0.03456221198156682
2020-05-13,63,3.0,62.14285714285713,0.0,0.14285714285714285,2.2857142857142856,0.0,0.14285714285714285,1050.4626845338582,1.0046296296296295,0.004608294930875556,0.036781609195402305
2020-05-14,63,3.0,62.28571428571428,0.0,0.14285714285714285,2.4285714285714284,0.0,0.14285714285714285,2108.2062190952593,1.002304147465438,0.0022988505747126853,0.0389908256880734
2020-05-15,63,3.0,62.42857142857142,0.0,0.14285714285714285,2.571428571428571,0.0,0.14285714285714285,1055.3147233844493,1.0046082949308757,0.004587155963302836,0.041189931350114416
2020-05-16,63,3.0,62.57142857142857,0.0,0.14285714285714285,2.714285714285714,0.0,0.14285714285714285,704.35027464854,1.0069124423963136,0.006864988558352603,0.04337899543378995
2020-05-17,63,3.0,62.71428571428571,0.0,0.14285714285714285,2.8571428571428568,0.0,0.14285714285714285,528.867589243153,1.0092165898617513,0.009132420091324422,0.04555808656036446
2020-05-18,63,3.0,62.857142857142854,0.0,0.14285714285714285,2.9999999999999996,0.0,0.14285714285714285,423.57761043201924,1.011520737327189,0.011389521640091216,0.04772727272727272
2020-05-19,63,3.0,63.0,0.0,0.14285714285714285,2.9999999999999996,0.0,0.0,353.38398596366034,1.013824884792627,0.01363636363636378,0.04761904761904761
2020-05-20,63,3.0,63.0,0.0,0.0,2.9999999999999996,0.0,0.0,354.1926703494988,1.0137931034482761,0.013605442176870874,0.04761904761904761
2020-05-21,63,3.0,63.0,0.0,0.0,2.9999999999999996,0.0,0.0,425.5184436627355,1.011467889908257,0.01133786848072571,0.04761904761904761
2020-05-22,63,3.0,63.0,0.0,0.0,2.9999999999999996,0.0,0.0,532.5066372911963,1.0091533180778034,0.009070294784580546,0.04761904761904761
2020-05-23,63,3.0,63.0,0.0,0.0,2.9999999999999996,0.0,0.0,710.8196736839392,1.0068493150684932,0.006802721088435382,0.04761904761904761
2020-05-24,63,3.0,63.0,0.0,0.0,2.9999999999999996,0.0,0.0,1067.4448201695338,1.0045558086560364,0.0045351473922903285,0.04761904761904761
2020-05-25,63,3.0,63.0,0.0,0.0,2.9999999999999996,0.0,0.0,2137.3184133540767,1.0022727272727274,0.0022675736961451642,0.04761904761904761
2020-05-26,63,3.0,63.0,0.0,0.0,2.9999999999999996,0.0,0.0,,,,0.04761904761904761
2020-05-27,63,3.0,63.0,0.0,0.0,2.9999999999999996,0.0,0.0,,,,0.04761904761904761
2020-05-28,63,3.0,63.0,0.0,0.0,2.9999999999999996,0.0,0.0,,,,0.04761904761904761
2020-05-29,63,3.0,63.0,0.0,0.0,2.9999999999999996,0.0,0.0,,,,0.04761904761904761
2020-05-30,63,3.0,63.0,0.0,0.0,2.9999999999999996,0.0,0.0,,,,0.04761904761904761
2020-05-31,63,3.0,63.0,0.0,0.0,2.9999999999999996,0.0,0.0,,,,0.04761904761904761
2020-06-01,63,3.0,63.0,0.0,0.0,2.9999999999999996,0.0,0.0,,,,0.04761904761904761
2020-06-02,63,3.0,63.0,0.0,0.0,2.9999999999999996,0.0,0.0,,,,0.04761904761904761
2020-06-03,63,3.0,63.0,0.0,0.0,2.9999999999999996,0.0,0.0,,,,0.04761904761904761
2020-06-04,63,3.0,63.0,0.0,0.0,2.9999999999999996,0.0,0.0,,,,0.04761904761904761
2020-06-05,63,3.0,63.0,0.0,0.0,2.9999999999999996,0.0,0.0,,,,0.04761904761904761
2020-06-06,63,3.0,63.0,0.0,0.0,2.9999999999999996,0.0,0.0,,,,0.04761904761904761
2020-06-07,63,3.0,63.0,0.0,0.0,2.9999999999999996,0.0,0.0,,,,0.04761904761904761
2020-06-08,63,3.0,63.0,0.0,0.0,2.9999999999999996,0.0,0.0,,,,0.04761904761904761
2020-06-09,63,3.0,63.0,0.0,0.0,2.9999999999999996,0.0,0.0,,,,0.04761904761904761
2020-06-10,63,3.0,63.0,0.0,0.0,2.9999999999999996,0.0,0.0,,,,0.04761904761904761
2020-06-11,63,3.0,63.0,0.0,0.0,2.9999999999999996,0.0,0.0,,,,0.04761904761904761
2020-06-12,63,3.0,63.0,0.0,0.0,2.9999999999999996,0.0,0.0,,,,0.04761904761904761
2020-06-13,63,3.0,63.0,0.0,0.0,2.9999999999999996,0.0,0.0,,,,0.04761904761904761
2020-06-14,63,3.0,63.0,0.0,0.0,2.9999999999999996,0.0,0.0,,,,0.04761904761904761
2020-06-15,63,3.0,63.0,0.0,0.0,2.9999999999999996,0.0,0.0,,,,0.04761904761904761
2020-06-16,63,3.0,63.0,0.0,0.0,2.9999999999999996,0.0,0.0,,,,0.04761904761904761
2020-06-17,63,3.0,63.0,0.0,0.0,2.9999999999999996,0.0,0.0,,,,0.04761904761904761
2020-06-18,63,3.0,63.0,0.0,0.0,2.9999999999999996,0.0,0.0,,,,0.04761904761904761
2020-06-19,63,3.0,63.0,0.0,0.0,2.9999999999999996,0.0,0.0,,,,0.04761904761904761
2020-06-20,63,3.0,63.0,0.0,0.0,2.9999999999999996,0.0,0.0,,,,0.04761904761904761
2020-06-21,63,3.0,63.0,0.0,0.0,2.9999999999999996,0.0,0.0,,,,0.04761904761904761
2020-06-22,63,3.0,63.0,0.0,0.0,2.9999999999999996,0.0,0.0,,,,0.04761904761904761
2020-06-23,64,3.0,63.0,1.0,0.0,2.9999999999999996,0.0,0.0,,,,0.04761904761904761
2020-06-24,64,3.0,63.14285714285714,0.0,0.14285714285714285,2.9999999999999996,0.0,0.0,,,,0.04751131221719457
2020-06-25,64,3.0,63.28571428571428,0.0,0.14285714285714285,2.9999999999999996,0.0,0.0,2142.170445697263,1.002267573696145,0.002262443438913908,0.0474040632054176
2020-06-26,64,3.0,63.428571428571416,0.0,0.14285714285714285,2.9999999999999996,0.0,0.0,1072.2968587497658,1.00453514739229,0.00451467268623007,0.0472972972972973
2020-06-27,64,3.0,63.571428571428555,0.0,0.14285714285714285,2.9999999999999996,0.0,0.0,715.6717226597299,1.0068027210884352,0.006756756756756577,0.04719101123595506
2020-06-28,64,3.0,63.71428571428571,0.0,0.14285714285714285,2.9999999999999996,0.0,0.0,537.3587008211864,1.0090702947845802,0.008988764044943531,0.04708520179372197
2020-06-29,64,3.0,63.85714285714285,0.0,0.14285714285714285,2.9999999999999996,0.0,0.0,430.37052590593765,1.0113378684807255,0.011210762331838486,0.04697986577181208
2020-06-30,64,3.0,63.999999999999986,0.0,0.14285714285714285,2.9999999999999996,0.0,0.0,359.04477546549,1.0136054421768705,0.013422818791946178,0.04687500000000001
2020-07-01,64,3.0,63.999999999999986,0.0,0.0,2.9999999999999996,0.0,0.0,359.8534594552397,1.013574660633484,0.013392857142856984,0.04687500000000001
2020-07-02,64,3.0,63.999999999999986,0.0,0.0,2.9999999999999996,0.0,0.0,432.3113584765145,1.0112866817155755,0.01116071428571419,0.04687500000000001
2020-07-03,64,3.0,63.999999999999986,0.0,0.0,2.9999999999999996,0.0,0.0,540.9977480770557,1.009009009009009,0.008928571428571397,0.04687500000000001
2020-07-04,64,3.0,63.999999999999986,0.0,0.0,2.9999999999999996,0.0,0.0,722.1411209029114,1.006741573033708,0.006696428571428603,0.04687500000000001
2020-07-05,64,3.0,63.999999999999986,0.0,0.0,2.9999999999999996,0.0,0.0,1084.426954874698,1.0044843049327352,0.004464285714285587,0.04687500000000001
2020-07-06,64,3.0,63.999999999999986,0.0,0.0,2.9999999999999996,0.0,0.0,2171.2826395598845,1.0022371364653244,0.0022321428571427937,0.04687500000000001
2020-07-07,64,3.0,63.999999999999986,0.0,0.0,2.9999999999999996,0.0,0.0,,,,0.04687500000000001
2020-07-08,64,3.0,63.999999999999986,0.0,0.0,2.9999999999999996,0.0,0.0,,,,0.04687500000000001
2020-07-09,66,3.0,63.999999999999986,2.0,0.0,2.9999999999999996,0.0,0.0,,,,0.04687500000000001
2020-07-10,71,3.0,64.28571428571428,5.0,0.2857142857142857,2.9999999999999996,0.0,0.0,,,,0.04666666666666667
2020-07-11,75,3.0,65.28571428571428,4.0,0.9999999999999999,2.9999999999999996,0.0,0.0,1089.278993196968,1.0044642857142858,0.004444444444444584,0.045951859956236324
2020-07-12,80,3.0,66.85714285714285,5.0,1.5714285714285712,2.9999999999999996,0.0,0.0,243.9412571291881,1.0200892857142858,0.01969365426695857,0.04487179487179487
2020-07-13,83,3.0,69.14285714285714,3.0,2.2857142857142856,2.9999999999999996,0.0,0.0,111.09383421100065,1.0446428571428572,0.042735042735042805,0.04338842975206611
2020-07-14,84,3.0,71.85714285714286,1.0,2.714285714285714,2.9999999999999996,0.0,0.0,62.77558751002816,1.080357142857143,0.0743801652892564,0.04174950298210735
2020-07-15,84,3.0,74.7142857142857,0.0,2.8571428571428568,2.9999999999999996,0.0,0.0,41.90119670633078,1.1227678571428574,0.10934393638171003,0.04015296367112811
2020-07-16,84,3.0,77.57142857142856,0.0,2.8571428571428568,2.9999999999999996,0.0,0.0,31.346247787704932,1.1674107142857142,0.14340344168260033,0.038674033149171276
2020-07-17,87,3.0,80.14285714285714,3.0,2.571428571428571,2.9999999999999996,0.0,0.0,25.827666330690967,1.2066666666666666,0.1712707182320441,0.0374331550802139
