date,npatients,ndeaths,Cases Total(Ave7),Cases Day,Cases Day(Ave7),Deaths Total(Ave7),Deaths Day,Deaths Day(Ave7),Td7,R0,K,CFR
2020-03-18,2,0.0,,,,,,,,,,
2020-03-19,2,0.0,,0.0,,,0.0,,,,,
2020-03-20,2,0.0,,0.0,,,0.0,,,,,
2020-03-21,2,0.0,,0.0,,,0.0,,,,,
2020-03-22,2,0.0,,0.0,,,0.0,,,,,
2020-03-23,2,0.0,,0.0,,,0.0,,,,,
2020-03-24,4,0.0,,2.0,,,0.0,,,,,
2020-03-25,4,0.0,2.2857142857142856,0.0,,0.0,0.0,,,,,0.0
2020-03-26,4,0.0,2.571428571428571,0.0,0.2857142857142857,0.0,0.0,0.0,,,,0.0
2020-03-27,4,0.0,2.8571428571428568,0.0,0.2857142857142857,0.0,0.0,0.0,,,,0.0
2020-03-28,4,0.0,3.1428571428571423,0.0,0.2857142857142857,0.0,0.0,0.0,,,,0.0
2020-03-29,4,0.0,3.428571428571428,0.0,0.2857142857142857,0.0,0.0,0.0,,,,0.0
2020-03-30,5,0.0,3.7142857142857135,1.0,0.2857142857142857,0.0,0.0,0.0,,,,0.0
2020-03-31,6,0.0,4.142857142857142,1.0,0.42857142857142855,0.0,0.0,0.0,,,,0.0
2020-04-01,8,0.0,4.428571428571428,2.0,0.2857142857142857,0.0,0.0,0.0,8.158688875106353,1.529270449431509,0.4482758620689655,0.0
2020-04-02,9,0.0,5.0,1.0,0.5714285714285714,0.0,0.0,0.0,8.925482699883904,1.4744672639425418,0.4193548387096774,0.0
2020-04-03,9,0.0,5.714285714285714,0.0,0.7142857142857142,0.0,0.0,0.0,8.670288380926666,1.4914153416386178,0.4285714285714286,0.0
2020-04-04,11,0.0,6.428571428571428,2.0,0.7142857142857142,0.0,0.0,0.0,8.115975186860329,1.5326931689068637,0.45000000000000007,0.0
2020-04-05,13,0.0,7.428571428571428,2.0,0.9999999999999999,0.0,0.0,0.0,7.718681871767606,1.5667543480178068,0.4666666666666667,0.0
2020-04-06,14,0.0,8.714285714285714,1.0,1.2857142857142856,0.0,0.0,0.0,6.999999999999997,1.6406707120152761,0.5,0.0
2020-04-07,19,0.0,10.0,5.0,1.2857142857142856,0.0,0.0,0.0,6.5252469019283295,1.7008483691790128,0.5245901639344263,0.0
2020-04-08,22,0.0,11.857142857142856,3.0,1.857142857142857,0.0,0.0,0.0,5.957007224176226,1.789240906636709,0.5571428571428572,0.0
2020-04-09,24,0.0,13.857142857142856,2.0,1.9999999999999998,0.0,0.0,0.0,5.619076024072044,1.8529526433288601,0.5783132530120482,0.0
2020-04-10,27,0.0,15.999999999999998,3.0,2.142857142857143,0.0,0.0,0.0,5.477373665679653,1.8827562679412277,0.5876288659793814,0.0
2020-04-11,32,0.0,18.57142857142857,5.0,2.571428571428571,0.0,0.0,0.0,5.321163272522688,1.9180550946275534,0.5982142857142857,0.0
2020-04-12,35,0.0,21.57142857142857,3.0,3.0,0.0,0.0,0.0,5.295295581562209,1.924167448516752,0.6,0.0
2020-04-13,35,0.0,24.714285714285715,0.0,3.1428571428571423,0.0,0.0,0.0,5.353043128984409,1.9106296312425177,0.5960264900662251,0.0
2020-04-14,36,0.0,27.714285714285715,1.0,2.9999999999999996,0.0,0.0,0.0,5.3625661186517855,1.9084341878264075,0.5953757225433527,0.0
2020-04-15,39,0.0,30.142857142857142,3.0,2.4285714285714284,0.0,0.0,0.0,5.7148762786828255,1.8338931436604244,0.5721649484536083,0.0
2020-04-16,43,0.0,32.57142857142857,4.0,2.4285714285714284,0.0,0.0,0.0,6.243386767709601,1.7421240910242846,0.5402843601895735,0.0
2020-04-17,46,0.0,35.28571428571428,3.0,2.7142857142857144,0.0,0.0,0.0,6.8257049942750365,1.6615446537944807,0.5087719298245614,0.0
2020-04-18,48,0.0,38.0,2.0,2.714285714285714,0.0,0.0,0.0,7.559399994995773,1.581647557335229,0.4736842105263157,0.0
2020-04-19,49,0.0,40.285714285714285,1.0,2.2857142857142856,0.0,0.0,0.0,8.569214256635632,1.4984636308641524,0.43233082706766923,0.0
2020-04-20,49,0.0,42.28571428571428,0.0,2.0,0.0,0.0,0.0,9.930160827625983,1.4176648619736862,0.3865248226950354,0.0
2020-04-21,50,0.0,44.28571428571428,1.0,2.0,0.0,0.0,0.0,11.484060092467537,1.3522726743158737,0.3445945945945944,0.0
2020-04-22,51,0.0,46.28571428571428,1.0,2.0,0.0,0.0,0.0,12.61203958136618,1.3162619081212257,0.3193548387096773,0.0
2020-04-23,51,0.0,47.99999999999999,0.0,1.714285714285714,0.0,0.0,0.0,13.80779579405388,1.2853081442836796,0.29629629629629617,0.0
2020-04-24,51,0.0,49.14285714285714,0.0,1.1428571428571426,0.0,0.0,0.0,15.767534599258214,1.2458300525842279,0.26488095238095244,0.0
2020-04-25,51,0.0,49.857142857142854,0.0,0.7142857142857142,0.0,0.0,0.0,18.868823762485285,1.2016255306259744,0.2267441860465116,0.0
2020-04-26,51,0.0,50.285714285714285,0.0,0.42857142857142855,0.0,0.0,0.0,22.7618682683448,1.1644636654927978,0.1919770773638968,0.0
2020-04-27,51,0.0,50.57142857142857,0.0,0.2857142857142857,0.0,0.0,0.0,28.002435874956852,1.1317504615976974,0.15909090909090928,0.0
2020-04-28,52,0.0,50.857142857142854,1.0,0.2857142857142857,0.0,0.0,0.0,36.55712423795659,1.0994425700887684,0.12429378531073454,0.0
2020-04-29,52,0.0,51.142857142857146,0.0,0.2857142857142857,0.0,0.0,0.0,51.51474391555288,1.0695912671579961,0.08988764044943831,0.0
2020-04-30,52,0.0,51.28571428571429,0.0,0.14285714285714285,0.0,0.0,0.0,76.50410807234334,1.0463430803990716,0.06145251396648066,0.0
2020-05-01,54,0.0,51.42857142857143,2.0,0.14285714285714285,0.0,0.0,0.0,113.68198569185094,1.0309557004033072,0.041782729805014074,0.0
2020-05-02,55,0.0,51.85714285714286,1.0,0.42857142857142855,0.0,0.0,0.0,156.35515540326188,1.0224132786889046,0.03055555555555567,0.0
2020-05-03,56,0.0,52.42857142857142,1.0,0.5714285714285714,0.0,0.0,0.0,157.6785416888121,1.0222230905715044,0.030303030303030387,0.0
2020-05-04,56,0.0,53.14285714285714,0.0,0.7142857142857142,0.0,0.0,0.0,134.53594951926073,1.0260953414288867,0.03542234332425065,0.0
2020-05-05,56,0.0,53.857142857142854,0.0,0.7142857142857142,0.0,0.0,0.0,110.36591320964087,1.0319004828008942,0.043010752688172005,0.0
2020-05-06,56,0.0,54.42857142857143,0.0,0.5714285714285714,0.0,0.0,0.0,93.82757193956236,1.037627945478415,0.05039787798408479,0.0
2020-05-07,56,0.0,55.0,0.0,0.5714285714285714,0.0,0.0,0.0,81.57827990541155,1.0433989047210908,0.05774278215223094,0.0
2020-05-08,56,0.0,55.57142857142857,0.0,0.5714285714285714,0.0,0.0,0.0,72.26810614423412,1.0491251693950574,0.06493506493506485,0.0
2020-05-09,56,0.0,55.85714285714286,0.0,0.2857142857142857,0.0,0.0,0.0,70.13985396572252,1.0506529125507034,0.06683804627249346,0.0
2020-05-10,56,0.0,56.0,0.0,0.14285714285714285,0.0,0.0,0.0,76.59603335456077,1.046286194883016,0.06138107416879812,0.0
2020-05-11,56,0.0,56.0,0.0,0.0,0.0,0.0,0.0,92.65260475439199,1.0381141023976455,0.05102040816326536,0.0
2020-05-12,56,0.0,56.0,0.0,0.0,0.0,0.0,0.0,124.35793366721988,1.0282610118546023,0.03826530612244905,0.0
2020-05-13,57,0.0,56.0,1.0,0.0,0.0,0.0,0.0,170.4711914881091,1.0205384007444196,0.028061224489795866,0.0
2020-05-14,57,0.0,56.14285714285714,0.0,0.14285714285714285,0.0,0.0,0.0,269.2803941591286,1.0129535406377024,0.017857142857142905,0.0
2020-05-15,57,0.0,56.28571428571428,0.0,0.14285714285714285,0.0,0.0,0.0,474.28182184109994,1.0073340981841243,0.010178117048346036,0.0
2020-05-16,57,0.0,56.428571428571416,0.0,0.14285714285714285,0.0,0.0,0.0,634.8042023856603,1.0054744656443768,0.007614213197969288,0.0
2020-05-17,57,0.0,56.571428571428555,0.0,0.14285714285714285,0.0,0.0,0.0,636.4215536608441,1.0054605153561285,0.007594936708860578,0.0
2020-05-18,57,0.0,56.71428571428571,0.0,0.14285714285714285,0.0,0.0,0.0,477.9208760353494,1.0072780511080417,0.010101010101009833,0.0
2020-05-19,58,0.0,56.85714285714285,1.0,0.14285714285714285,0.0,0.0,0.0,382.8200631060781,1.0090942759779646,0.012594458438286993,0.0
2020-05-20,60,0.0,57.14285714285713,2.0,0.2857142857142857,0.0,0.0,0.0,319.41918380310676,1.010909194209768,0.015075376884421954,0.0
2020-05-21,60,0.0,57.57142857142856,0.0,0.42857142857142855,0.0,0.0,0.0,274.8257186057653,1.0126905178016765,0.01749999999999985,0.0
2020-05-22,60,0.0,57.99999999999999,0.0,0.42857142857142855,0.0,0.0,0.0,214.827985685344,1.016263442185106,0.022332506203473934,0.0
2020-05-23,60,0.0,58.428571428571416,0.0,0.42857142857142855,0.0,0.0,0.0,176.6469050598272,1.0198132962435398,0.027093596059113434,0.0
2020-05-24,60,0.0,58.85714285714285,0.0,0.42857142857142855,0.0,0.0,0.0,150.21326142986135,1.023340323224521,0.03178484107579471,0.0
2020-05-25,60,1.0,59.28571428571428,0.0,0.42857142857142855,0.0,1.0,0.0,130.82808749582162,1.026844762591912,0.036407766990291246,0.0
2020-05-26,60,1.0,59.7142857142857,0.0,0.42857142857142855,0.14285714285714285,0.0,0.14285714285714285,116.00369455006165,1.0303268501075522,0.04096385542168679,0.002392344497607656
2020-05-27,60,1.0,59.99999999999999,0.0,0.2857142857142857,0.2857142857142857,0.0,0.14285714285714285,110.23111285539916,1.031940110011243,0.0430622009569378,0.004761904761904762
2020-05-28,60,1.0,59.99999999999999,0.0,0.0,0.42857142857142855,0.0,0.14285714285714285,117.43096780742881,1.0299527874951862,0.040476190476190554,0.0071428571428571435
2020-05-29,64,1.0,59.99999999999999,4.0,0.0,0.5714285714285714,0.0,0.14285714285714285,143.12118543530033,1.0245109676971995,0.033333333333333326,0.009523809523809525
2020-05-30,64,1.0,60.57142857142857,0.0,0.5714285714285714,0.7142857142857142,0.0,0.14285714285714285,182.82259144990132,1.019137646570421,0.02619047619047632,0.011792452830188678
2020-05-31,64,1.0,61.14285714285714,0.0,0.5714285714285714,0.857142857142857,0.0,0.14285714285714285,169.00077916078652,1.020718936263433,0.028301886792452935,0.014018691588785045
2020-06-01,64,1.0,61.71428571428571,0.0,0.5714285714285714,0.9999999999999998,0.0,0.14285714285714285,157.30527906972463,1.0222764057766238,0.030373831775700966,0.016203703703703703
2020-06-02,64,1.0,62.28571428571428,0.0,0.5714285714285714,0.9999999999999998,0.0,0.0,147.28045560655065,1.0238105910182185,0.03240740740740755,0.01605504587155963
2020-06-03,65,1.0,62.85714285714285,1.0,0.5714285714285714,0.9999999999999998,0.0,0.0,129.77669279226444,1.0270651642978506,0.03669724770642202,0.015909090909090907
2020-06-04,65,1.0,63.57142857142856,0.0,0.7142857142857142,0.9999999999999998,0.0,0.0,104.29984164236377,1.0337868179105933,0.045454545454545414,0.015730337078651683
2020-06-05,65,1.0,64.28571428571428,0.0,0.7142857142857142,0.9999999999999998,0.0,0.0,83.9167463426693,1.0421643886334249,0.0561797752808989,0.015555555555555553
2020-06-06,65,1.0,64.42857142857142,0.0,0.14285714285714285,0.9999999999999998,0.0,0.0,81.52736946832529,1.0434265856369118,0.057777777777777706,0.015521064301552106
2020-06-07,65,1.0,64.57142857142856,0.0,0.14285714285714285,0.9999999999999998,0.0,0.0,92.69480596059604,1.038096423764261,0.05099778270509969,0.015486725663716814
2020-06-08,67,1.0,64.71428571428571,2.0,0.14285714285714285,0.9999999999999998,0.0,0.0,107.21157059457435,1.0328543022284407,0.044247787610619316,0.015452538631346576
2020-06-09,67,1.0,65.14285714285714,0.0,0.42857142857142855,0.9999999999999998,0.0,0.0,126.85085530255095,1.0276979946843856,0.03752759381898463,0.015350877192982454
2020-06-10,68,1.0,65.57142857142857,1.0,0.42857142857142855,0.9999999999999998,0.0,0.0,135.8424055953431,1.0258411560973204,0.03508771929824572,0.015250544662309365
2020-06-11,68,1.0,65.99999999999999,0.0,0.42857142857142855,0.9999999999999998,0.0,0.0,156.63873832853452,1.0223722505394484,0.030501089324618813,0.015151515151515152
2020-06-12,69,1.0,66.42857142857142,1.0,0.42857142857142855,0.9999999999999998,0.0,0.0,184.36650912040847,1.0189758735540355,0.02597402597402587,0.015053763440860214
2020-06-13,69,1.0,67.0,0.0,0.5714285714285714,0.9999999999999998,0.0,0.0,158.7183439669275,1.0220759064598492,0.03010752688172047,0.014925373134328354
2020-06-14,69,1.0,67.57142857142857,0.0,0.5714285714285714,0.9999999999999998,0.0,0.0,131.41800946459966,1.0267226633048327,0.03624733475479769,0.014799154334038053
2020-06-15,71,1.0,68.14285714285714,2.0,0.5714285714285714,0.9999999999999998,0.0,0.0,112.30703252483967,1.0313405631033383,0.04228329809725162,0.014675052410901465
2020-06-16,71,1.0,68.71428571428571,0.0,0.5714285714285714,0.9999999999999998,0.0,0.0,107.76618250337866,1.0326824862946293,0.04402515723270439,0.01455301455301455
2020-06-17,72,1.0,69.28571428571428,1.0,0.5714285714285714,0.9999999999999998,0.0,0.0,103.63808105920185,1.034006184464435,0.04573804573804563,0.014432989690721649
2020-06-18,72,1.0,69.85714285714283,0.0,0.5714285714285714,0.9999999999999998,0.0,0.0,99.86889260510159,1.0353120274086707,0.04742268041237119,0.014314928425357875
2020-06-19,72,1.0,70.42857142857142,0.0,0.5714285714285714,0.9999999999999998,0.0,0.0,96.41375411841652,1.036600374956546,0.04907975460122682,0.014198782961460446
2020-06-20,72,1.0,70.85714285714286,0.0,0.42857142857142855,0.9999999999999998,0.0,0.0,97.22259509445814,1.0362904198247107,0.04868154158214999,0.014112903225806448
2020-06-21,72,1.0,71.28571428571428,0.0,0.42857142857142855,0.9999999999999998,0.0,0.0,102.18987493591429,1.0344963295621978,0.04637096774193561,0.014028056112224447
2020-06-22,72,1.0,71.71428571428571,0.0,0.42857142857142855,0.9999999999999998,0.0,0.0,107.60862240072655,1.032731114605784,0.044088176352705344,0.01394422310756972
2020-06-23,72,1.0,71.85714285714286,0.0,0.14285714285714285,0.9999999999999998,0.0,0.0,113.54333518429488,1.0309940809997546,0.041832669322709126,0.01391650099403578
2020-06-24,72,1.0,72.0,0.0,0.14285714285714285,0.9999999999999998,0.0,0.0,133.14654083123094,1.0263712107013985,0.03578528827037786,0.013888888888888886
2020-06-25,72,1.0,72.0,0.0,0.0,0.9999999999999998,0.0,0.0,160.5899854075911,1.0218158303708853,0.0297619047619051,0.013888888888888886
2020-06-26,72,1.0,72.0,0.0,0.0,0.9999999999999998,0.0,0.0,219.87626724270413,1.0158870889125582,0.02182539682539697,0.013888888888888886
2020-06-27,72,1.0,72.0,0.0,0.0,0.9999999999999998,0.0,0.0,303.2454220108767,1.0114943736700934,0.015873015873015817,0.013888888888888886
2020-06-28,72,1.0,72.0,0.0,0.0,0.9999999999999998,0.0,0.0,486.6546041796578,1.0071469702100573,0.009920634920634996,0.013888888888888886
2020-06-29,74,1.0,72.0,2.0,0.0,0.9999999999999998,0.0,0.0,1220.2840036768525,1.0028441429073183,0.003968253968254065,0.013888888888888886
2020-06-30,74,1.0,72.28571428571428,0.0,0.2857142857142857,0.9999999999999998,0.0,0.0,2442.9964348330627,1.0014196481560445,0.001984126984126977,0.013833992094861658
2020-07-01,75,1.0,72.57142857142857,1.0,0.2857142857142857,0.9999999999999998,0.0,0.0,1225.136040307913,1.0028328630059522,0.0039525691699603405,0.013779527559055116
2020-07-02,75,1.0,72.99999999999999,0.0,0.42857142857142855,0.9999999999999998,0.0,0.0,613.7786320416453,1.0056625286404255,0.007874015748031482,0.0136986301369863
2020-07-03,75,1.0,73.42857142857142,0.0,0.42857142857142855,0.9999999999999998,0.0,0.0,351.7666170171615,1.009901067365181,0.013698630136986134,0.013618677042801555
2020-07-04,75,1.0,73.85714285714285,0.0,0.42857142857142855,0.9999999999999998,0.0,0.0,246.96039649912404,1.0141325023488161,0.019455252918287758,0.013539651837524177
2020-07-05,75,1.0,74.28571428571428,0.0,0.42857142857142855,0.9999999999999998,0.0,0.0,190.5251991823564,1.0183568868551873,0.025145067698259083,0.01346153846153846
2020-07-06,75,1.0,74.71428571428571,0.0,0.42857142857142855,0.9999999999999998,0.0,0.0,155.2523321272207,1.022574273442269,0.03076923076923066,0.013384321223709366
2020-07-07,75,1.0,74.85714285714285,0.0,0.14285714285714285,0.9999999999999998,0.0,0.0,146.83190791760015,1.0238841903303575,0.0325047801147228,0.013358778625954198
2020-07-08,75,1.0,74.99999999999999,0.0,0.14285714285714285,0.9999999999999998,0.0,0.0,156.46543766176455,1.0223973054281659,0.030534351145038108,0.013333333333333332
2020-07-09,75,1.0,74.99999999999999,0.0,0.0,0.9999999999999998,0.0,0.0,179.51419123671988,1.0194937642783404,0.026666666666666616,0.013333333333333332
2020-07-10,76,1.0,74.99999999999999,1.0,0.0,0.9999999999999998,0.0,0.0,229.1395948085167,1.015239959603139,0.020952380952380945,0.013333333333333332
2020-07-11,76,1.0,75.14285714285714,0.0,0.14285714285714285,0.9999999999999998,0.0,0.0,315.9822622281915,1.0110285048460148,0.015238095238095162,0.013307984790874522
2020-07-12,76,1.0,75.28571428571429,0.0,0.14285714285714285,0.9999999999999998,0.0,0.0,422.9306659787003,1.0082282396664932,0.011406844106463976,0.013282732447817833
2020-07-13,76,1.0,75.42857142857143,0.0,0.14285714285714285,0.9999999999999998,0.0,0.0,636.8258914733789,1.005457038886012,0.00759013282732468,0.013257575757575754
2020-07-14,76,1.0,75.57142857142857,0.0,0.14285714285714285,0.9999999999999998,0.0,0.0,638.0389048961861,1.0054466359848817,0.007575757575757791,0.01323251417769376
2020-07-15,76,1.0,75.71428571428571,0.0,0.14285714285714285,0.9999999999999998,0.0,0.0,639.2519182967538,1.0054362726710429,0.007561436672968047,0.01320754716981132
2020-07-16,76,1.0,75.85714285714285,0.0,0.14285714285714285,0.9999999999999998,0.0,0.0,511.8853602532043,1.0067935032584365,0.009433962264151052,0.013182674199623351
2020-07-17,77,1.0,76.0,1.0,0.14285714285714285,0.9999999999999998,0.0,0.0,426.97406845973666,1.0081500023818182,0.011299435028248594,0.013157894736842103
2020-07-18,77,1.0,76.14285714285714,0.0,0.14285714285714285,0.9999999999999998,0.0,0.0,427.78274885630117,1.0081345331254228,0.011278195488721887,0.013133208255159472
2020-07-19,77,1.0,76.28571428571428,0.0,0.14285714285714285,0.9999999999999998,0.0,0.0,428.591429220087,1.008119122481475,0.011257035647279423,0.013108614232209737
2020-07-20,78,1.0,76.42857142857142,1.0,0.14285714285714285,0.9999999999999998,0.0,0.0,429.4001095512746,1.0081037701174826,0.011235955056179692,0.01308411214953271
2020-07-21,79,1.0,76.71428571428571,1.0,0.2857142857142857,0.9999999999999998,0.0,0.0,430.20878985005396,1.0080884757034634,0.01121495327102795,0.013035381750465548
2020-07-22,80,1.0,77.14285714285714,1.0,0.42857142857142855,0.9999999999999998,0.0,0.0,369.78871551762654,1.009416262335793,0.013035381750465591,0.01296296296296296
2020-07-23,80,1.0,77.71428571428571,0.0,0.5714285714285714,0.9999999999999998,0.0,0.0,288.68900501464816,1.012077434772555,0.01666666666666672,0.012867647058823527
2020-07-24,85,1.0,78.28571428571428,5.0,0.5714285714285714,0.9999999999999998,0.0,0.0,217.52367122297562,1.0160602859275227,0.022058823529411686,0.012773722627737225
